Line    fid    Easting   Northing   elevation    height    I_380    Q_380    I_1776    Q_1776    I_3345    Q_3345    I_8171    Q_8171    I_41020    Q_41020    I_129550    Q_129550
30010    30000    586852.29    4639119.38    1246.84    36.629    145.3    217.9    435.8    412.5    260.6    178.7    875.1    516.5    1502.7    405.7    1516.9    255.7
30010    30000.1    586852.23    4639122.68    1246.71    37.012    145.7    217.2    436.5    410.2    257.9    178.1    871.1    513.6    1496.8    403.2    1509.6    252
30010    30000.2    586852.17    4639125.98    1246.61    37.349    146.4    216.3    437.4    407.4    255.8    177.8    866.6    511.2    1491.2    400.9    1504.5    248.8
30010    30000.3    586852.12    4639129.28    1246.5    37.625    147.2    215.3    437.4    404.4    254.4    177.6    862    509.4    1486.3    398.8    1501.5    246.3
30010    30000.4    586852.06    4639132.58    1246.45    37.853    148.1    214.3    437.4    401.8    254.4    177.5    858    508.1    1482.3    397.2    1499.9    244.4
30010    30000.5    586852.01    4639135.88    1246.41    38.07    149    213.8    437.4    399.6    254.4    177.3    855.1    507.3    1479.5    397.2    1498.8    242.9
30010    30000.6    586851.95    4639139.17    1246.38    38.302    149.7    213.8    437.4    398    254.4    177.3    853.4    507.3    1479.5    397.2    1497.5    241.7
30010    30000.7    586851.9    4639142.47    1246.34    38.545    150.2    213.8    436.8    396.7    254.4    177.3    852.7    507.3    1479.5    397.2    1496.5    240.7
30010    30000.8    586851.84    4639145.77    1246.31    38.784    150.5    213.8    436    395.4    254.4    177.3    852.5    507.3    1479.5    397.2    1496.4    239.8
30010    30000.9    586851.78    4639149.07    1246.28    38.98    150.7    213.8    435.3    393.9    254.9    177.3    852.5    507.3    1479.5    397.5    1496.4    239.8
30010    30001    586851.73    4639152.37    1246.24    39.091    150.9    214.4    434.9    392.2    255.5    177.5    852.4    507.3    1479.5    399    1496.4    239.8
30010    30001.1    586851.69    4639155.69    1246.2    39.108    151.5    215    434.7    390.4    256.2    177.9    852.4    507.6    1480.7    400.8    1496.4    239.8
30010    30001.2    586851.66    4639159.01    1246.16    39.047    152.3    215.7    434.4    388.7    257.1    178.4    852.4    508    1481.9    402.9    1499.9    239.3
30010    30001.3    586851.63    4639162.33    1246.13    38.941    153.4    216.5    433.7    387.4    258.2    179.1    852.4    508.6    1483.1    404.9    1504.1    238.8
30010    30001.4    586851.6    4639165.65    1246.1    38.808    154.5    217.4    432.4    387.4    259.3    179.8    852.4    509.4    1484.3    406.8    1508    239.4
30010    30001.5    586851.56    4639168.97    1246.08    38.646    155.7    217.4    430.6    387.4    260.4    180.8    852.7    510.4    1485.5    408.4    1511.1    240.4
30010    30001.6    586851.53    4639172.29    1246.06    38.46    156.7    217.4    428.6    387.4    261.1    181.8    853.5    511.4    1487.1    409.7    1513.3    241.7
30010    30001.7    586851.5    4639175.61    1246.04    38.258    157.7    217.4    428.6    387.4    261.3    182.9    854.8    512.4    1489.3    410.7    1515    243.3
30010    30001.8    586851.47    4639178.92    1246.02    38.05    157.9    217.4    428.6    389    261.3    183.9    856.6    513.5    1492.4    411.7    1517.2    245
30010    30001.9    586851.44    4639182.24    1246.02    37.842    157.9    217.3    428.6    392.1    261.4    184.4    858.6    514.6    1496.7    412.9    1521.2    246.9
30010    30002    586851.4    4639185.56    1246.02    37.627    157.9    216.1    428.6    397    261.7    184.4    860.9    516.1    1502.1    414.5    1527.9    249.2
30010    30002.1    586851.37    4639188.87    1246.02    37.402    157.9    216.1    430.1    403.4    261.7    184.4    863.3    518.3    1508.4    416.7    1537.3    252.1
30010    30002.2    586851.34    4639192.18    1246.04    37.169    157.9    216.1    434.3    410.5    262    184.4    866    521.3    1515.8    419.4    1548.9    255.3
30010    30002.3    586851.31    4639195.49    1246.05    36.937    157.9    216.1    439.3    417.3    263.5    184.4    869.1    525.1    1523.8    422.7    1561.3    258.7
30010    30002.4    586851.29    4639198.8    1246.07    36.734    157.9    216.1    444.1    422.8    265.6    184.4    872.9    529.4    1532.3    426.3    1573    261.8
30010    30002.5    586851.26    4639202.11    1246.1    36.609    157.9    219.3    448.1    426.6    268    184.4    877.4    534    1541    430.1    1582.9    264.4
30010    30002.6    586851.23    4639205.42    1246.14    36.585    157.9    222.7    450.8    429    270.5    184.4    882.8    538.5    1549.7    434.1    1591.1    266.6
30010    30002.7    586851.2    4639208.73    1246.18    36.652    158.8    225.5    452.4    430.6    272.9    184.4    888.9    542.5    1558.6    438.1    1599    268.9
30010    30002.8    586851.17    4639212.04    1246.22    36.786    160.6    225.5    453.5    432.6    274.9    184.6    895.6    545.7    1567.7    441.9    1608    271.8
30010    30002.9    586851.14    4639215.35    1246.26    36.935    163.2    225.5    454.7    435.7    276.7    185.2    902.5    548    1577.2    445.6    1619.4    275.6
30010    30003    586851.11    4639218.66    1246.31    37.037    166.2    225.5    456.4    440.4    278.3    186    909.2    549.3    1586.8    449.1    1633    280.4
30010    30003.1    586851.07    4639221.96    1246.33    37.049    169.1    225.5    458.5    446.8    280.1    186.9    915.5    549.9    1596.1    452.6    1647.3    285.7
30010    30003.2    586851.02    4639225.26    1246.35    36.957    171.4    225.8    460.8    454.5    282.7    187.8    921.3    550.1    1604.6    456.2    1660.3    291
30010    30003.3    586850.97    4639228.56    1246.37    36.768    172.9    225.8    463.4    462.7    286.5    188.6    926.7    550.1    1612.2    459.7    1670.5    295.8
30010    30003.4    586850.93    4639231.86    1246.36    36.515    172.9    225.8    466.2    468.1    291.9    189.1    931.5    550.2    1618.9    462.9    1677.5    300
30010    30003.5    586850.88    4639235.15    1246.33    36.239    172.9    225.8    469.1    468.1    299.2    189.4    935.7    550.7    1625.1    465.5    1681.7    303.4
30010    30003.6    586850.83    4639238.45    1246.31    35.969    172.9    225.8    469.1    468.1    308.7    189.6    939.1    551.8    1631.1    467.4    1684.4    306.2
30010    30003.7    586850.79    4639241.75    1246.29    35.707    172.9    226.7    469.1    468.1    320.2    189.9    941.5    553.8    1636.9    468.8    1686.8    308.3
30010    30003.8    586850.74    4639245.05    1246.29    35.46    172.9    227.9    469.1    468.1    333    190.4    943.5    556.9    1642.5    469.9    1689.4    309.8
30010    30003.9    586850.69    4639248.35    1246.28    35.234    172    229.2    469.1    460.8    345.7    191.2    945.6    561    1647.9    470.8    1692.6    310.8
30010    30004    586850.65    4639251.65    1246.32    35.021    170.7    230.6    467.6    453.7    356.4    192.2    948.7    566    1653.6    471.8    1696.9    311.9
30010    30004.1    586850.57    4639254.93    1246.41    34.821    169.8    232.3    464.2    449.3    356.4    193.5    953.3    571.2    1659.8    473.1    1702.5    313.5
30010    30004.2    586850.5    4639258.22    1246.51    34.638    169.8    234.5    464.2    449.3    356.4    194.9    959.2    576.2    1667.1    475    1709.8    316.1
30010    30004.3    586850.42    4639261.5    1246.69    34.479    169.8    237.5    464.2    449.3    356.4    195.8    965.9    580.3    1675.7    477.9    1718.9    320.1
30010    30004.4    586850.35    4639264.79    1246.98    34.357    169.8    241.6    464.2    449.3    356.4    195.8    972.5    583.4    1685.4    481.9    1729.4    325.6
30010    30004.5    586850.27    4639268.07    1247.27    34.284    169.8    246.1    464.2    449.3    351.5    195.8    978.4    585.5    1695.5    486.7    1740.8    332.2
30010    30004.6    586850.2    4639271.36    1247.57    34.266    173    247.8    466.9    452    342.8    196    983.3    586.7    1705.3    491.5    1752.5    339.4
30010    30004.7    586850.12    4639274.64    1247.88    34.299    176.8    247.8    478.7    452    333.3    196.4    987.4    587.3    1714    495.8    1763.7    346.1
30010    30004.8    586850.05    4639277.93    1248.2    34.366    180.7    247.8    492.9    452    323.4    196.7    991.2    587.7    1721.4    497.2    1773.8    351.5
30010    30004.9    586849.97    4639281.21    1248.49    34.44    184.3    248.6    506.2    452    314    196.8    995.1    588.2    1727.3    497.2    1781.5    350.4
30010    30005    586849.9    4639284.5    1248.72    34.486    187.2    250    517.4    452    306.1    197.3    999.6    588.9    1732    497.2    1786.5    349.8
30010    30005.1    586849.81    4639287.75    1248.95    34.471    189.4    250.5    526.9    452    300.6    200    1004.4    590.1    1735.8    497.2    1786.5    349.8
30010    30005.2    586849.72    4639291    1249.13    34.371    191.2    250.5    535.7    452    300.3    203.7    1009.5    591.8    1738.9    497.2    1786.5    349.8
30010    30005.3    586849.63    4639294.25    1249.2    34.18    192.9    250.5    543.9    452    300.3    207.7    1014.4    593.6    1741.7    494.3    1786.2    347.7
30010    30005.4    586849.54    4639297.51    1249.27    33.912    192.9    253.7    543.9    452    300.3    211.7    1018.5    595.4    1744.2    490.7    1785.6    342.9
30010    30005.5    586849.44    4639300.76    1249.31    33.599    192.9    259.3    543.9    455.7    300.3    215.1    1021.8    596.8    1746.5    487    1782.3    339
30010    30005.6    586849.35    4639304.01    1249.29    33.279    192.9    259.3    543.9    460.1    300.3    217.8    1024.3    598    1748.8    483.6    1780.4    336.2
30010    30005.7    586849.26    4639307.26    1249.26    32.988    192.9    259.3    543.9    464.4    301.7    219.7    1026.1    599.1    1751.1    480.8    1779.9    334.6
30010    30005.8    586849.17    4639310.52    1249.22    32.752    190.8    259.3    536.5    468.8    303.3    220.9    1027.5    600.6    1753.4    478.7    1779.7    334
30010    30005.9    586849.08    4639313.77    1249.13    32.586    187.1    259.3    528.1    473.7    305.1    220.9    1028.7    602.8    1755.7    477.4    1779.5    333.6
30010    30006    586848.99    4639317.02    1249.03    32.493    182.3    257.5    522.1    478.9    307.1    220.9    1029.9    606    1758.1    476.6    1779.1    333
30010    30006.1    586848.9    4639320.26    1248.94    32.471    176.9    253.5    518.4    484.4    309.2    220.9    1031.5    609.7    1760.6    476.1    1778.6    331.7
30010    30006.2    586848.81    4639323.51    1248.81    32.513    171.2    250.3    516.6    489.5    311.2    220.9    1033.4    613.2    1763.1    475.7    1777.5    329.7
30010    30006.3    586848.72    4639326.75    1248.68    32.611    166    248.3    516.2    489.6    312.9    220.5    1035.6    615.9    1765.6    475.2    1775.2    327.4
30010    30006.4    586848.63    4639330    1248.54    32.761    162    248.3    516.2    489.6    314.1    220.5    1038    616    1767.9    474.4    1774.9    324.7
30010    30006.5    586848.54    4639333.24    1248.35    32.958    162    248.3    516.1    489.6    314.1    220.5    1040    616    1769.9    473.3    1774.5    322.2
30010    30006.6    586848.45    4639336.49    1248.15    33.193    162    248.3    515.5    489.6    314.1    220.5    1041.7    616    1771.7    471.9    1774.3    320.1
30010    30006.7    586848.36    4639339.73    1247.95    33.452    162    248.3    515.3    491.4    314.1    220.4    1042.8    616    1773.5    470.2    1774.1    318.5
30010    30006.8    586848.27    4639342.97    1247.75    33.719    161.9    249    514.9    491.4    314.1    220.2    1043.6    616    1775.5    468.3    1775.7    316.8
30010    30006.9    586848.18    4639346.22    1247.55    33.981    160.6    249.5    512.6    491.4    313.1    220.2    1044.5    615.8    1777.6    466.2    1775.5    314.8
30010    30007    586848.09    4639349.46    1247.34    34.228    160.6    249.9    509.8    491.4    311.9    220.2    1045.8    615.8    1779.6    464.1    1775.1    311.7
30010    30007.1    586848.01    4639352.72    1247.18    34.452    160.6    250.3    506.8    491.4    310.5    220.2    1047.5    615.6    1779.6    462    1774.5    307.5
30010    30007.2    586847.93    4639355.98    1247.02    34.648    160.5    250.7    504.2    493.5    309.2    219.7    1049.3    614.8    1779.6    460.1    1773.9    302.6
30010    30007.3    586847.85    4639359.24    1246.86    34.812    159    251    504    495.4    308.7    219.6    1050.2    613.4    1779.6    458.4    1771.9    297.8
30010    30007.4    586847.77    4639362.49    1246.75    34.941    159    251.4    504    497.2    308.7    219.6    1050.2    611.2    1779.6    457.1    1769.5    293.7
30010    30007.5    586847.69    4639365.75    1246.66    35.035    159    251.4    504    498.7    308.7    219.6    1050.2    608.7    1777.4    456    1767.2    290.7
30010    30007.6    586847.6    4639369.01    1246.56    35.094    159    251.4    504    500.2    308.7    219.6    1050.2    606.3    1773.9    454.9    1764.9    288.7
30010    30007.7    586847.52    4639372.26    1246.5    35.125    159    251.4    504    501.5    308.7    219.6    1050.2    604.2    1769.8    453.8    1761.9    287.3
30010    30007.8    586847.44    4639375.52    1246.45    35.139    159.3    251.4    506.2    502.6    309.6    220.7    1048.5    602.7    1765.1    452.4    1757.3    286
30010    30007.9    586847.36    4639378.78    1246.41    35.142    160.4    251.5    508.2    502.6    309.8    221.1    1046.7    601.5    1759.7    450.8    1751.1    284.5
30010    30008    586847.28    4639382.04    1246.41    35.141    160.4    251.5    508.2    502.6    309.8    221.1    1045.1    600.5    1753.5    448.8    1743.5    282.8
30010    30008.1    586847.21    4639385.33    1246.44    35.142    160.4    251.5    508.2    502.6    309.8    221.1    1043.7    599.4    1746.7    446.7    1735.8    281.1
30010    30008.2    586847.14    4639388.61    1246.47    35.145    160.4    251.5    508.2    502.6    309.8    221.1    1042.4    598.3    1739.6    444.6    1729    279.7
30010    30008.3    586847.08    4639391.9    1246.54    35.144    160.4    251.5    508.2    502.2    309.8    221.1    1041.2    597.1    1732.7    442.8    1724.1    280.4
30010    30008.4    586847.01    4639395.18    1246.65    35.13    159.8    251.7    507.7    500.3    309.4    220.6    1040.3    595.9    1726.7    441.4    1720.9    280.8
30010    30008.5    586846.95    4639398.47    1246.76    35.092    158.2    252.1    506    497.9    309    220.3    1039.6    594.7    1722.1    440.4    1718.8    281.1
30010    30008.6    586846.88    4639401.76    1246.92    35.019    156.8    252.4    506    496.6    309    220    1039.2    593.3    1718.9    440.4    1717.3    281.3
30010    30008.7    586846.82    4639405.04    1247.12    34.905    155.7    252.7    506    496.6    309    219.7    1039.1    591.8    1718.9    440.4    1716.9    281.7
30010    30008.8    586846.75    4639408.33    1247.33    34.747    155.7    252.9    506    496.6    309    219.2    1039    590.4    1718.9    440.4    1717.2    284.4
30010    30008.9    586846.69    4639411.62    1247.55    34.544    155.7    253    506    496.6    309    218.7    1039    589.1    1718.9    440.4    1717.7    287.9
30010    30009    586846.62    4639414.9    1247.78    34.3    155.7    253.1    506.4    496.6    309.1    218.1    1039    588    1718.9    441.3    1718.3    292.3
30010    30009.1    586846.58    4639418.22    1248.03    34.023    155.7    253.2    508.7    497.8    309.7    217.6    1039    587.2    1720.4    442.6    1718.9    297.4
30010    30009.2    586846.55    4639421.55    1248.27    33.722    156.2    253.6    511    498.6    310.5    217.3    1039    586.7    1723.3    444.6    1724.4    302.5
30010    30009.3    586846.51    4639424.87    1248.52    33.403    156.7    254.3    513    499.1    311.3    217.3    1039    586.7    1726.6    447.3    1731.3    308.4
30010    30009.4    586846.47    4639428.19    1248.77    33.074    157.3    255.4    514.6    499.6    312.3    217.3    1039    586.7    1730    450.3    1738.5    315
30010    30009.5    586846.44    4639431.51    1249.01    32.742    157.8    256.9    515.7    500.3    313.4    217.3    1039.1    586.7    1733.5    453.6    1744.7    322.5
30010    30009.6    586846.4    4639434.84    1249.25    32.412    158.3    258.5    516.5    501.2    314.7    217.3    1039.5    586.7    1737    457    1749.2    330.5
30010    30009.7    586846.36    4639438.16    1249.49    32.089    158.8    259.9    517.1    502.4    316.1    217.7    1041    587.5    1740.6    460.4    1752.2    338.8
30010    30009.8    586846.32    4639441.48    1249.74    31.774    159.2    260.9    517.6    503.7    317.5    218.4    1043.6    589.5    1744.3    464.2    1754.8    346.9
