line,id,E,N,elevation,alt, txrx_dx, txrx_dy, txrx_dz, TxRoll,TxPitch,TxYaw,RxRoll,RxPitch,RxYaw,Off[0],Off[1],Off[2],Off[3],Off[4],Off[5],Off[6],Off[7],Off[8],Off[9],Off[10],Off[11],Off[12],Off[13],Off[14],Off[15],Off[16],Off[17],Off[18],Off[19],Off[20],Off[21],Off[22],Off[23],Off[24],Off[25]
100101,     154.0,  431112.2,4194346.5, 2304.0, 36.7, 0.0, 0.0, 0.0, 0, 0, 0, 0, 0, 0,        NaN,        NaN,        NaN,        NaN,        NaN, 4.9966e-09, 3.7827e-09, 2.8105e-09, 1.8249e-09, 1.1185e-09, 7.1179e-10, 4.5742e-10, 2.9205e-10, 1.9883e-10, 1.2524e-10, 9.0551e-11, 6.3083e-11, 3.9920e-11, 2.6904e-11, 1.8231e-11, 1.3699e-11,        NaN,        NaN,        NaN,        NaN,        NaN
100101,     155.0,  431140.7,4194354.0, 2304.1, 37.1, 0.0, 0.0, 0.0, 0, 0, 0, 0, 0, 0,        NaN,        NaN,        NaN,        NaN,        NaN, 4.8250e-09, 3.5738e-09, 2.6799e-09, 1.7451e-09, 1.0869e-09, 6.8961e-10, 4.5026e-10, 2.8893e-10, 1.9883e-10, 1.2483e-10, 9.0203e-11, 6.0224e-11, 3.9182e-11, 2.6617e-11, 1.7990e-11, 1.2741e-11,        NaN,        NaN,        NaN,        NaN,        NaN
100101,     156.0,  431168.1,4194364.0, 2304.4, 37.7, 0.0, 0.0, 0.0, 0, 0, 0, 0, 0, 0,        NaN,        NaN,        NaN,        NaN,        NaN, 4.5779e-09, 3.4494e-09, 2.5560e-09, 1.6495e-09, 1.0709e-09, 6.7971e-10, 4.4184e-10, 2.9048e-10, 1.9883e-10, 1.2497e-10, 8.7171e-11, 5.9542e-11, 3.7778e-11, 2.6205e-11, 1.7302e-11, 1.1865e-11,        NaN,        NaN,        NaN,        NaN,        NaN
100101,     157.0,  431194.8,4194376.0, 2304.9, 37.5, 0.0, 0.0, 0.0, 0, 0, 0, 0, 0, 0,        NaN,        NaN,        NaN,        NaN,        NaN, 4.5412e-09, 3.4322e-09, 2.4776e-09, 1.6634e-09, 1.0458e-09, 6.7308e-10, 4.3968e-10, 2.9899e-10, 1.9605e-10, 1.2915e-10, 8.4099e-11, 5.9207e-11, 3.7894e-11, 2.5930e-11, 1.7225e-11, 1.1517e-11,        NaN,        NaN,        NaN,        NaN,        NaN
100101,     158.0,  431221.1,4194389.0, 2304.5, 36.4, 0.0, 0.0, 0.0, 0, 0, 0, 0, 0, 0,        NaN,        NaN,        NaN,        NaN,        NaN, 4.7533e-09, 3.7583e-09, 2.6353e-09, 1.7782e-09, 1.1009e-09, 6.8750e-10, 4.5476e-10, 3.1140e-10, 1.9372e-10, 1.3147e-10, 8.3893e-11, 5.7257e-11, 3.7582e-11, 2.6232e-11, 1.6772e-11, 1.1399e-11,        NaN,        NaN,        NaN,        NaN,        NaN
100101,     159.0,  431245.5,4194400.5, 2304.2, 34.9, 0.0, 0.0, 0.0, 0, 0, 0, 0, 0, 0,        NaN,        NaN,        NaN,        NaN,        NaN, 5.2926e-09, 4.1343e-09, 2.8959e-09, 1.9679e-09, 1.2047e-09, 7.8341e-10, 4.7884e-10, 3.2406e-10, 2.0416e-10, 1.3855e-10, 8.6736e-11, 5.6322e-11, 3.8070e-11, 2.7034e-11, 1.5841e-11, 1.0991e-11,        NaN,        NaN,        NaN,        NaN,        NaN
100101,     160.0,  431271.2,4194411.0, 2304.5, 33.3, 0.0, 0.0, 0.0, 0, 0, 0, 0, 0, 0,        NaN,        NaN,        NaN,        NaN,        NaN, 5.8336e-09, 4.5318e-09, 3.2138e-09, 2.1209e-09, 1.3004e-09, 8.2634e-10, 5.1566e-10, 3.4301e-10, 2.1173e-10, 1.4251e-10, 8.7830e-11, 6.0918e-11, 3.8992e-11, 2.7710e-11, 1.5780e-11, 1.0662e-11,        NaN,        NaN,        NaN,        NaN,        NaN
100101,     161.0,  431297.6,4194420.5, 2305.0, 32.1, 0.0, 0.0, 0.0, 0, 0, 0, 0, 0, 0,        NaN,        NaN,        NaN,        NaN,        NaN, 6.2270e-09, 4.7913e-09, 3.4214e-09, 2.2302e-09, 1.3930e-09, 8.6635e-10, 5.3638e-10, 3.5572e-10, 2.1954e-10, 1.4916e-10, 9.3171e-11, 6.3269e-11, 4.2196e-11, 2.8643e-11, 1.6587e-11, 1.1221e-11,        NaN,        NaN,        NaN,        NaN,        NaN
100101,     162.0,  431323.9,4194428.0, 2305.0, 31.6, 0.0, 0.0, 0.0, 0, 0, 0, 0, 0, 0,        NaN,        NaN,        NaN,        NaN,        NaN, 6.3567e-09, 4.8959e-09, 3.4931e-09, 2.2730e-09, 1.4155e-09, 8.8519e-10, 5.6716e-10, 3.6200e-10, 2.3350e-10, 1.5081e-10, 9.5919e-11, 6.6773e-11, 4.3011e-11, 2.8100e-11, 1.5979e-11, 1.1311e-11,        NaN,        NaN,        NaN,        NaN,        NaN
100101,     163.0,  431350.6,4194434.5, 2305.0, 31.1, 0.0, 0.0, 0.0, 0, 0, 0, 0, 0, 0,        NaN,        NaN,        NaN,        NaN,        NaN, 6.4211e-09, 4.8822e-09, 3.4931e-09, 2.2640e-09, 1.4203e-09, 8.9000e-10, 5.6552e-10, 3.5572e-10, 2.3803e-10, 1.5268e-10, 9.9076e-11, 7.1143e-11, 4.4475e-11, 2.9539e-11, 1.7055e-11, 1.2547e-11,        NaN,        NaN,        NaN,        NaN,        NaN
100101,     164.0,  431377.5,4194442.0, 2305.0, 31.0, 0.0, 0.0, 0.0, 0, 0, 0, 0, 0, 0,        NaN,        NaN,        NaN,        NaN,        NaN, 6.4822e-09, 4.9375e-09, 3.4931e-09, 2.2443e-09, 1.4203e-09, 8.8359e-10, 5.5219e-10, 3.5865e-10, 2.4104e-10, 1.5421e-10, 9.9755e-11, 7.3212e-11, 4.6926e-11, 3.0699e-11, 1.7678e-11, 1.2228e-11,        NaN,        NaN,        NaN,        NaN,        NaN
100101,     165.0,  431404.8,4194449.5, 2305.0, 31.3, 0.0, 0.0, 0.0, 0, 0, 0, 0, 0, 0,        NaN,        NaN,        NaN,        NaN,        NaN, 6.4516e-09, 4.9270e-09, 3.4340e-09, 2.2059e-09, 1.3918e-09, 8.7022e-10, 5.5219e-10, 3.5247e-10, 2.4187e-10, 1.5714e-10, 1.0003e-10, 7.4296e-11, 4.6835e-11, 3.0747e-11, 1.8268e-11, 1.3163e-11,        NaN,        NaN,        NaN,        NaN,        NaN
100101,     166.0,  431430.8,4194459.0, 2305.0, 31.3, 0.0, 0.0, 0.0, 0, 0, 0, 0, 0, 0,        NaN,        NaN,        NaN,        NaN,        NaN, 6.2726e-09, 4.9166e-09, 3.4214e-09, 2.1871e-09, 1.3906e-09, 8.6022e-10, 5.5534e-10, 3.4927e-10, 2.3967e-10, 1.5694e-10, 9.9618e-11, 7.4528e-11, 4.7421e-11, 3.1910e-11, 1.9463e-11, 1.3656e-11,        NaN,        NaN,        NaN,        NaN,        NaN
100101,     167.0,  431455.9,4194469.5, 2305.0, 30.5, 0.0, 0.0, 0.0, 0, 0, 0, 0, 0, 0,        NaN,        NaN,        NaN,        NaN,        NaN, 6.4039e-09, 4.8550e-09, 3.3890e-09, 2.1669e-09, 1.3883e-09, 8.5191e-10, 5.5693e-10, 3.6275e-10, 2.4525e-10, 1.6016e-10, 1.0639e-10, 7.3980e-11, 4.7294e-11, 3.3244e-11, 1.9516e-11, 1.4693e-11,        NaN,        NaN,        NaN,        NaN,        NaN
100101,     168.0,  431481.0,4194480.5, 2305.0, 29.5, 0.0, 0.0, 0.0, 0, 0, 0, 0, 0, 0,        NaN,        NaN,        NaN,        NaN,        NaN, 7.1661e-09, 5.3552e-09, 3.6026e-09, 2.3227e-09, 1.4497e-09, 8.8839e-10, 5.8915e-10, 3.7079e-10, 2.5834e-10, 1.6717e-10, 1.1161e-10, 7.5258e-11, 5.0983e-11, 3.5903e-11, 2.1171e-11, 1.3872e-11,        NaN,        NaN,        NaN,        NaN,        NaN
100101,     169.0,  431507.1,4194490.5, 2305.1, 28.0, 0.0, 0.0, 0.0, 0, 0, 0, 0, 0, 0,        NaN,        NaN,        NaN,        NaN,        NaN, 7.9297e-09, 5.9240e-09, 4.0969e-09, 2.5088e-09, 1.5375e-09, 9.4332e-10, 6.1824e-10, 3.8322e-10, 2.6403e-10, 1.6586e-10, 1.0950e-10, 7.4394e-11, 5.2480e-11, 3.5577e-11, 2.1550e-11, 1.5004e-11, 9.6350e-12,        NaN,        NaN,        NaN,        NaN
100101,     170.0,  431534.3,4194499.5, 2305.3, 27.3, 0.0, 0.0, 0.0, 0, 0, 0, 0, 0, 0,        NaN,        NaN,        NaN,        NaN,        NaN, 8.0167e-09, 6.0685e-09, 4.1762e-09, 2.6402e-09, 1.6060e-09, 9.9924e-10, 6.3239e-10, 3.9290e-10, 2.6695e-10, 1.7167e-10, 1.0999e-10, 7.6701e-11, 5.2883e-11, 3.6513e-11, 2.1424e-11, 1.4773e-11, 9.5318e-12,        NaN,        NaN,        NaN,        NaN
100101,     171.0,  431561.5,4194507.5, 2305.5, 26.7, 0.0, 0.0, 0.0, 0, 0, 0, 0, 0, 0,        NaN,        NaN,        NaN,        NaN,        NaN, 8.1630e-09, 6.1681e-09, 4.1973e-09, 2.6425e-09, 1.6030e-09, 9.8858e-10, 6.2396e-10, 3.9333e-10, 2.6435e-10, 1.7144e-10, 1.1261e-10, 7.7257e-11, 5.3077e-11, 3.6918e-11, 2.2022e-11, 1.4529e-11, 9.7794e-12,        NaN,        NaN,        NaN,        NaN
100101,     172.0,  431589.3,4194514.0, 2305.4, 26.9, 0.0, 0.0, 0.0, 0, 0, 0, 0, 0, 0,        NaN,        NaN,        NaN,        NaN,        NaN, 8.1437e-09, 6.1130e-09, 4.2151e-09, 2.6080e-09, 1.5986e-09, 9.9050e-10, 6.1951e-10, 3.9462e-10, 2.5958e-10, 1.6673e-10, 1.0966e-10, 7.9442e-11, 5.2995e-11, 3.5701e-11, 2.1128e-11, 1.3962e-11, 9.0842e-12,        NaN,        NaN,        NaN,        NaN
100101,     173.0,  431617.5,4194522.0, 2305.6, 27.3, 0.0, 0.0, 0.0, 0, 0, 0, 0, 0, 0,        NaN,        NaN,        NaN,        NaN,        NaN, 8.0607e-09, 5.9619e-09, 4.1208e-09, 2.5921e-09, 1.5711e-09, 9.8189e-10, 6.1761e-10, 3.8822e-10, 2.5225e-10, 1.6413e-10, 1.0533e-10, 7.6894e-11, 5.2772e-11, 3.4014e-11, 2.0588e-11, 1.3357e-11,        NaN,        NaN,        NaN,        NaN,        NaN
100101,     174.0,  431646.5,4194530.5, 2306.0, 27.7, 0.0, 0.0, 0.0, 0, 0, 0, 0, 0, 0,        NaN,        NaN,        NaN,        NaN,        NaN, 7.9606e-09, 5.8678e-09, 4.0867e-09, 2.5390e-09, 1.5556e-09, 9.6137e-10, 6.1137e-10, 3.8529e-10, 2.4468e-10, 1.6286e-10, 1.0746e-10, 7.6304e-11, 5.0518e-11, 3.2709e-11, 2.0516e-11, 1.2063e-11,        NaN,        NaN,        NaN,        NaN,        NaN
100101,     175.0,  431672.2,4194539.5, 2305.7, 28.1, 0.0, 0.0, 0.0, 0, 0, 0, 0, 0, 0,        NaN,        NaN,        NaN,        NaN,        NaN, 7.7487e-09, 5.8033e-09, 4.0004e-09, 2.4835e-09, 1.5265e-09, 9.5317e-10, 6.0828e-10, 3.8240e-10, 2.4132e-10, 1.5576e-10, 1.0313e-10, 7.5432e-11, 4.8880e-11, 3.1617e-11, 1.9980e-11, 1.2085e-11,        NaN,        NaN,        NaN,        NaN,        NaN
100101,     176.0,  431697.9,4194550.0, 2305.3, 28.6, 0.0, 0.0, 0.0, 0, 0, 0, 0, 0, 0,        NaN,        NaN,        NaN,        NaN,        NaN, 7.5460e-09, 5.6516e-09, 3.9138e-09, 2.3959e-09, 1.5011e-09, 9.2669e-10, 5.8683e-10, 3.7792e-10, 2.3939e-10, 1.5118e-10, 1.0170e-10, 7.4935e-11, 4.7219e-11, 3.1372e-11, 1.9405e-11, 1.1036e-11,        NaN,        NaN,        NaN,        NaN,        NaN
100101,     177.0,  431724.4,4194561.0, 2305.6, 29.4, 0.0, 0.0, 0.0, 0, 0, 0, 0, 0, 0,        NaN,        NaN,        NaN,        NaN,        NaN, 7.2766e-09, 5.4896e-09, 3.8304e-09, 2.3627e-09, 1.4648e-09, 9.0141e-10, 5.6606e-10, 3.6350e-10, 2.3912e-10, 1.4790e-10, 9.9892e-11, 7.2480e-11, 4.6220e-11, 2.9337e-11, 1.9042e-11, 1.1469e-11,        NaN,        NaN,        NaN,        NaN,        NaN
100101,     178.0,  431752.0,4194572.5, 2306.0, 29.9, 0.0, 0.0, 0.0, 0, 0, 0, 0, 0, 0,        NaN,        NaN,        NaN,        NaN,        NaN, 7.0029e-09, 5.3433e-09, 3.6892e-09, 2.3341e-09, 1.4300e-09, 8.8439e-10, 5.5959e-10, 3.6237e-10, 2.3803e-10, 1.4683e-10, 9.9211e-11, 7.1473e-11, 4.4751e-11, 2.9772e-11, 1.9283e-11, 1.1876e-11,        NaN,        NaN,        NaN,        NaN,        NaN
100101,     179.0,  431780.9,4194584.0, 2306.3, 29.9, 0.0, 0.0, 0.0, 0, 0, 0, 0, 0, 0,        NaN,        NaN,        NaN,        NaN,        NaN, 6.9433e-09, 5.2531e-09, 3.6553e-09, 2.3134e-09, 1.4143e-09, 8.7647e-10, 5.5587e-10, 3.5755e-10, 2.4132e-10, 1.4772e-10, 9.6305e-11, 6.9682e-11, 4.4506e-11, 2.9766e-11, 1.9864e-11, 1.1757e-11,        NaN,        NaN,        NaN,        NaN,        NaN
100101,     180.0,  431808.7,4194593.5, 2306.6, 29.8, 0.0, 0.0, 0.0, 0, 0, 0, 0, 0, 0,        NaN,        NaN,        NaN,        NaN,        NaN, 6.8797e-09, 5.1170e-09, 3.6385e-09, 2.3060e-09, 1.4131e-09, 8.7022e-10, 5.6120e-10, 3.5572e-10, 2.3482e-10, 1.4971e-10, 9.7476e-11, 6.7880e-11, 4.3851e-11, 2.9349e-11, 1.8959e-11, 1.1444e-11,        NaN,        NaN,        NaN,        NaN,        NaN
100101,     181.0,  431836.4,4194602.0, 2306.9, 29.8, 0.0, 0.0, 0.0, 0, 0, 0, 0, 0, 0,        NaN,        NaN,        NaN,        NaN,        NaN, 6.8992e-09, 5.1768e-09, 3.6864e-09, 2.3023e-09, 1.4251e-09, 8.6558e-10, 5.6990e-10, 3.6464e-10, 2.3350e-10, 1.5325e-10, 9.7214e-11, 6.6549e-11, 4.1940e-11, 2.8848e-11, 1.8842e-11, 1.2256e-11,        NaN,        NaN,        NaN,        NaN,        NaN
100101,     182.0,  431864.5,4194611.0, 2307.0, 29.7, 0.0, 0.0, 0.0, 0, 0, 0, 0, 0, 0,        NaN,        NaN,        NaN,        NaN,        NaN, 7.0583e-09, 5.3274e-09, 3.7705e-09, 2.3359e-09, 1.4435e-09, 8.9243e-10, 5.6825e-10, 3.6731e-10, 2.3193e-10, 1.5383e-10, 9.7608e-11, 6.6105e-11, 4.2889e-11, 2.8002e-11, 1.8231e-11, 1.1693e-11,        NaN,        NaN,        NaN,        NaN,        NaN
100101,     183.0,  431892.2,4194620.5, 2307.0, 29.4, 0.0, 0.0, 0.0, 0, 0, 0, 0, 0, 0,        NaN,        NaN,        NaN,        NaN,        NaN, 7.3846e-09, 5.5569e-09, 3.8888e-09, 2.4380e-09, 1.4932e-09, 9.1644e-10, 5.8453e-10, 3.7473e-10, 2.3090e-10, 1.5137e-10, 9.5410e-11, 6.3928e-11, 4.2175e-11, 2.7873e-11, 1.8298e-11, 1.2055e-11,        NaN,        NaN,        NaN,        NaN,        NaN
100101,     184.0,  431919.6,4194630.0, 2306.9, 28.9, 0.0, 0.0, 0.0, 0, 0, 0, 0, 0, 0,        NaN,        NaN,        NaN,        NaN,        NaN, 7.7133e-09, 5.7942e-09, 4.0732e-09, 2.5368e-09, 1.5347e-09, 9.4243e-10, 5.9799e-10, 3.7672e-10, 2.3013e-10, 1.5081e-10, 9.6305e-11, 6.2805e-11, 4.0479e-11, 2.6928e-11, 1.6717e-11, 1.1318e-11,        NaN,        NaN,        NaN,        NaN,        NaN
100101,     185.0,  431946.7,4194640.5, 2306.9, 28.3, 0.0, 0.0, 0.0, 0, 0, 0, 0, 0, 0,        NaN,        NaN,        NaN,        NaN,        NaN, 7.9236e-09, 5.8958e-09, 4.1518e-09, 2.5787e-09, 1.5668e-09, 9.6968e-10, 6.0462e-10, 3.7712e-10, 2.3245e-10, 1.4971e-10, 9.4155e-11, 6.0918e-11, 3.9580e-11, 2.6067e-11, 1.6113e-11, 1.0931e-11,        NaN,        NaN,        NaN,        NaN,        NaN
100101,     186.0,  431973.0,4194651.0, 2306.5, 28.6, 0.0, 0.0, 0.0, 0, 0, 0, 0, 0, 0,        NaN,        NaN,        NaN,        NaN,        NaN, 7.9113e-09, 6.0636e-09, 4.1832e-09, 2.5676e-09, 1.5768e-09, 9.4957e-10, 6.0220e-10, 3.7196e-10, 2.3090e-10, 1.4898e-10, 9.1845e-11, 5.7975e-11, 3.8544e-11, 2.5478e-11, 1.5330e-11, 1.0464e-11,        NaN,        NaN,        NaN,        NaN,        NaN
100101,     187.0,  431998.4,4194662.0, 2306.1, 29.8, 0.0, 0.0, 0.0, 0, 0, 0, 0, 0, 0,        NaN,        NaN,        NaN,        NaN,        NaN, 7.5121e-09, 5.6559e-09, 3.9233e-09, 2.5046e-09, 1.4497e-09, 9.2325e-10, 5.7322e-10, 3.5791e-10, 2.2510e-10, 1.4100e-10, 8.8162e-11, 5.4308e-11, 3.9120e-11, 2.4709e-11, 1.5806e-11, 1.0910e-11,        NaN,        NaN,        NaN,        NaN,        NaN
100101,     188.0,  432023.7,4194672.5, 2306.3, 30.8, 0.0, 0.0, 0.0, 0, 0, 0, 0, 0, 0,        NaN,        NaN,        NaN,        NaN,        NaN, 7.1609e-09, 5.4279e-09, 3.7324e-09, 2.4138e-09, 1.4131e-09, 8.7334e-10, 5.4959e-10, 3.4438e-10, 2.1978e-10, 1.3728e-10, 8.4512e-11, 5.5486e-11, 3.7853e-11, 2.4763e-11, 1.6584e-11, 1.0112e-11,        NaN,        NaN,        NaN,        NaN,        NaN
100101,     189.0,  432049.7,4194682.5, 2306.6, 31.5, 0.0, 0.0, 0.0, 0, 0, 0, 0, 0, 0,        NaN,        NaN,        NaN,        NaN,        NaN, 6.6164e-09, 4.9690e-09, 3.4672e-09, 2.2198e-09, 1.3498e-09, 8.2705e-10, 5.3095e-10, 3.3726e-10, 2.1766e-10, 1.4133e-10, 8.4305e-11, 5.3734e-11, 3.6981e-11, 2.3926e-11, 1.6066e-11, 9.9361e-12,        NaN,        NaN,        NaN,        NaN,        NaN
100101,     190.0,  432076.8,4194692.5, 2307.0, 32.0, 0.0, 0.0, 0.0, 0, 0, 0, 0, 0, 0,        NaN,        NaN,        NaN,        NaN,        NaN, 6.1902e-09, 4.7551e-09, 3.3137e-09, 2.1209e-09, 1.2993e-09, 8.0884e-10, 5.0557e-10, 3.3298e-10, 2.1018e-10, 1.3712e-10, 8.1397e-11, 5.5188e-11, 3.6925e-11, 2.4534e-11, 1.7145e-11, 9.5829e-12,        NaN,        NaN,        NaN,        NaN,        NaN
100101,     191.0,  432104.8,4194702.5, 2307.3, 32.4, 0.0, 0.0, 0.0, 0, 0, 0, 0, 0, 0,        NaN,        NaN,        NaN,        NaN,        NaN, 5.9575e-09, 4.6935e-09, 3.2666e-09, 2.0844e-09, 1.2859e-09, 7.8931e-10, 5.1196e-10, 3.2975e-10, 2.0778e-10, 1.3447e-10, 7.9488e-11, 5.4380e-11, 3.6358e-11, 2.4971e-11, 1.7790e-11,        NaN,        NaN,        NaN,        NaN,        NaN,        NaN
100101,     192.0,  432132.5,4194712.5, 2307.2, 32.6, 0.0, 0.0, 0.0, 0, 0, 0, 0, 0, 0,        NaN,        NaN,        NaN,        NaN,        NaN, 6.0269e-09, 4.6333e-09, 3.2689e-09, 2.0970e-09, 1.2890e-09, 7.9730e-10, 5.1149e-10, 3.3331e-10, 2.0208e-10, 1.3311e-10, 7.8561e-11, 5.4599e-11, 3.7308e-11, 2.3561e-11, 1.6705e-11, 8.8577e-12,        NaN,        NaN,        NaN,        NaN,        NaN
100101,     193.0,  432159.2,4194723.0, 2307.2, 32.5, 0.0, 0.0, 0.0, 0, 0, 0, 0, 0, 0,        NaN,        NaN,        NaN,        NaN,        NaN, 6.1537e-09, 4.6680e-09, 3.2971e-09, 2.1177e-09, 1.2859e-09, 8.1716e-10, 5.1800e-10, 3.3726e-10, 2.1195e-10, 1.3586e-10, 8.0433e-11, 5.5039e-11, 3.6747e-11, 2.3026e-11, 1.5935e-11, 8.5210e-12,        NaN,        NaN,        NaN,        NaN,        NaN
100101,     194.0,  432185.7,4194734.0, 2307.6, 32.0, 0.0, 0.0, 0.0, 0, 0, 0, 0, 0, 0,        NaN,        NaN,        NaN,        NaN,        NaN, 6.4647e-09, 4.9201e-09, 3.4039e-09, 2.1569e-09, 1.3236e-09, 8.3424e-10, 5.4598e-10, 3.3760e-10, 2.2002e-10, 1.3074e-10, 8.4202e-11, 5.2617e-11, 3.6467e-11, 2.2354e-11, 1.4661e-11, 8.0076e-12,        NaN,        NaN,        NaN,        NaN,        NaN
100101,     195.0,  432213.4,4194746.0, 2307.3, 31.6, 0.0, 0.0, 0.0, 0, 0, 0, 0, 0, 0,        NaN,        NaN,        NaN,        NaN,        NaN, 6.6853e-09, 5.1022e-09, 3.5245e-09, 2.2146e-09, 1.3542e-09, 8.5492e-10, 5.5482e-10, 3.4542e-10, 2.2290e-10, 1.3839e-10, 8.6412e-11, 5.4020e-11, 3.8544e-11, 2.3007e-11, 1.4991e-11, 7.8442e-12,        NaN,        NaN,        NaN,        NaN,        NaN
100101,     196.0,  432238.0,4194755.5, 2307.1, 31.7, 0.0, 0.0, 0.0, 0, 0, 0, 0, 0, 0,        NaN,        NaN,        NaN,        NaN,        NaN, 6.8894e-09, 5.2531e-09, 3.6301e-09, 2.3153e-09, 1.3734e-09, 8.7569e-10, 5.6825e-10, 3.5536e-10, 2.3013e-10, 1.3920e-10, 9.1135e-11, 5.3031e-11, 3.8466e-11, 2.3161e-11, 1.3560e-11, 8.6568e-12,        NaN,        NaN,        NaN,        NaN,        NaN
100101,     197.0,  432262.7,4194765.0, 2307.3, 31.8, 0.0, 0.0, 0.0, 0, 0, 0, 0, 0, 0,        NaN,        NaN,        NaN,        NaN,        NaN, 6.9730e-09, 5.2185e-09, 3.6750e-09, 2.3115e-09, 1.3988e-09, 8.8041e-10, 5.7322e-10, 3.5681e-10, 2.2885e-10, 1.4577e-10, 9.8404e-11, 5.5637e-11, 3.9492e-11, 2.3608e-11, 1.4275e-11, 8.8658e-12,        NaN,        NaN,        NaN,        NaN,        NaN
100101,     198.0,  432288.4,4194775.0, 2307.8, 32.1, 0.0, 0.0, 0.0, 0, 0, 0, 0, 0, 0,        NaN,        NaN,        NaN,        NaN,        NaN, 6.8123e-09, 5.1692e-09, 3.6080e-09, 2.2894e-09, 1.3906e-09, 8.7726e-10, 5.5534e-10, 3.5718e-10, 2.3142e-10, 1.4559e-10, 9.8538e-11, 5.7814e-11, 3.8737e-11, 2.4353e-11, 1.5239e-11, 8.8075e-12,        NaN,        NaN,        NaN,        NaN,        NaN
100101,     199.0,  432314.7,4194785.5, 2307.9, 32.2, 0.0, 0.0, 0.0, 0, 0, 0, 0, 0, 0,        NaN,        NaN,        NaN,        NaN,        NaN, 6.7038e-09, 5.0116e-09, 3.5009e-09, 2.2146e-09, 1.3654e-09, 8.7334e-10, 5.5167e-10, 3.6013e-10, 2.2885e-10, 1.4971e-10, 9.8270e-11, 5.8056e-11, 3.8580e-11, 2.5687e-11, 1.6069e-11, 9.1088e-12,        NaN,        NaN,        NaN,        NaN,        NaN
100101,     200.0,  432341.9,4194797.0, 2308.0, 32.0, 0.0, 0.0, 0.0, 0, 0, 0, 0, 0, 0,        NaN,        NaN,        NaN,        NaN,        NaN, 6.5577e-09, 4.9270e-09, 3.4290e-09, 2.2025e-09, 1.3609e-09, 8.7256e-10, 5.5272e-10, 3.6013e-10, 2.3455e-10, 1.4989e-10, 9.7872e-11, 6.0569e-11, 3.9442e-11, 2.5953e-11, 1.7604e-11, 1.0185e-11,        NaN,        NaN,        NaN,        NaN,        NaN
100101,     201.0,  432369.5,4194809.0, 2308.0, 31.6, 0.0, 0.0, 0.0, 0, 0, 0, 0, 0, 0,        NaN,        NaN,        NaN,        NaN,        NaN, 6.6945e-09, 4.9620e-09, 3.4672e-09, 2.2180e-09, 1.3745e-09, 8.9000e-10, 5.6227e-10, 3.6013e-10, 2.3885e-10, 1.5137e-10, 9.8005e-11, 6.1536e-11, 3.8111e-11, 2.6419e-11, 1.8228e-11, 1.0423e-11,        NaN,        NaN,        NaN,        NaN,        NaN
100101,     202.0,  432395.6,4194820.5, 2308.0, 31.1, 0.0, 0.0, 0.0, 0, 0, 0, 0, 0, 0,        NaN,        NaN,        NaN,        NaN,        NaN, 6.9285e-09, 5.2185e-09, 3.6053e-09, 2.3246e-09, 1.4336e-09, 9.0141e-10, 5.7100e-10, 3.5939e-10, 2.4215e-10, 1.5193e-10, 9.9211e-11, 6.4023e-11, 3.9517e-11, 2.6219e-11, 1.9066e-11, 1.2015e-11,        NaN,        NaN,        NaN,        NaN,        NaN
100101,     203.0,  432423.2,4194832.0, 2308.4, 30.6, 0.0, 0.0, 0.0, 0, 0, 0, 0, 0, 0,        NaN,        NaN,        NaN,        NaN,        NaN, 7.0939e-09, 5.3712e-09, 3.6978e-09, 2.5152e-09, 1.5626e-09, 9.5317e-10, 6.1951e-10, 3.7792e-10, 2.4554e-10, 1.5694e-10, 1.0459e-10, 6.5865e-11, 4.3191e-11, 2.6913e-11, 2.0816e-11, 1.2324e-11,        NaN,        NaN,        NaN,        NaN,        NaN
100101,     204.0,  432450.9,4194843.0, 2308.7, 29.6, 0.0, 0.0, 0.0, 0, 0, 0, 0, 0, 0,        NaN,        NaN,        NaN,        NaN,        NaN, 7.9668e-09, 6.0734e-09, 4.3391e-09, 2.7483e-09, 1.6877e-09, 1.0111e-09, 6.5256e-10, 3.9636e-10, 2.6052e-10, 1.6651e-10, 1.0669e-10, 6.9062e-11, 4.4705e-11, 2.8017e-11, 2.0417e-11, 1.3166e-11,        NaN,        NaN,        NaN,        NaN,        NaN
100101,     205.0,  432478.1,4194853.5, 2308.5, 29.5, 0.0, 0.0, 0.0, 0, 0, 0, 0, 0, 0,        NaN,        NaN,        NaN,        NaN,        NaN, 8.7734e-09, 6.7981e-09, 4.7242e-09, 2.9290e-09, 1.8213e-09, 1.0587e-09, 6.8118e-10, 4.3296e-10, 2.6630e-10, 1.6850e-10, 1.0808e-10, 7.3474e-11, 4.7916e-11, 2.9310e-11, 2.2241e-11, 1.4455e-11, 8.8914e-12,        NaN,        NaN,        NaN,        NaN
100101,     206.0,  432505.2,4194864.0, 2308.1, 29.5, 0.0, 0.0, 0.0, 0, 0, 0, 0, 0, 0,        NaN,        NaN,        NaN,        NaN,        NaN, 9.1428e-09, 7.0871e-09, 4.8027e-09, 2.9908e-09, 1.8305e-09, 1.0807e-09, 6.8640e-10, 4.3961e-10, 2.7537e-10, 1.7613e-10, 1.1096e-10, 7.6202e-11, 4.8747e-11, 3.1180e-11, 2.2287e-11, 1.4309e-11, 8.7611e-12,        NaN,        NaN,        NaN,        NaN
100101,     207.0,  432532.2,4194873.5, 2308.1, 29.7, 0.0, 0.0, 0.0, 0, 0, 0, 0, 0, 0,        NaN,        NaN,        NaN,        NaN,        NaN, 1.0000e-08, 7.5360e-09, 5.1350e-09, 3.1366e-09, 1.9067e-09, 1.1114e-09, 6.9475e-10, 4.4590e-10, 2.8063e-10, 1.7758e-10, 1.1328e-10, 7.6189e-11, 5.0697e-11, 3.0928e-11, 2.2443e-11, 1.4462e-11, 9.0053e-12,        NaN,        NaN,        NaN,        NaN
100101,     208.0,  432560.2,4194882.5, 2308.4, 29.7, 0.0, 0.0, 0.0, 0, 0, 0, 0, 0, 0,        NaN,        NaN,        NaN,        NaN,        NaN, 1.0906e-08, 8.1456e-09, 5.4907e-09, 3.2946e-09, 2.0117e-09, 1.1611e-09, 7.1195e-10, 4.5343e-10, 2.8063e-10, 1.7565e-10, 1.1379e-10, 7.7088e-11, 5.2072e-11, 3.3012e-11, 2.2251e-11, 1.4558e-11, 8.8675e-12,        NaN,        NaN,        NaN,        NaN
100101,     209.0,  432588.2,4194891.0, 2308.8, 29.5, 0.0, 0.0, 0.0, 0, 0, 0, 0, 0, 0,        NaN,        NaN,        NaN,        NaN,        NaN, 1.1717e-08, 8.7056e-09, 5.8709e-09, 3.5675e-09, 2.0668e-09, 1.2011e-09, 7.2988e-10, 4.5125e-10, 2.8242e-10, 1.7423e-10, 1.1311e-10, 7.7545e-11, 4.9885e-11, 3.3654e-11, 2.1841e-11, 1.3619e-11, 9.2559e-12,        NaN,        NaN,        NaN,        NaN
100101,     210.0,  432616.0,4194899.0, 2309.0, 29.1, 0.0, 0.0, 0.0, 0, 0, 0, 0, 0, 0,        NaN,        NaN,        NaN,        NaN,        NaN, 1.2080e-08, 8.9161e-09, 6.0745e-09, 3.6496e-09, 2.1244e-09, 1.2227e-09, 7.3071e-10, 4.4803e-10, 2.8134e-10, 1.7493e-10, 1.1583e-10, 7.7335e-11, 4.9510e-11, 3.3500e-11, 2.1742e-11, 1.3383e-11, 8.6546e-12,        NaN,        NaN,        NaN,        NaN
100101,     211.0,  432643.2,4194907.0, 2309.0, 28.8, 0.0, 0.0, 0.0, 0, 0, 0, 0, 0, 0,        NaN,        NaN,        NaN,        NaN,        NaN, 1.1659e-08, 8.5034e-09, 5.8833e-09, 3.5484e-09, 2.0690e-09, 1.2173e-09, 7.2905e-10, 4.4013e-10, 2.7331e-10, 1.7213e-10, 1.1311e-10, 7.5345e-11, 4.8377e-11, 3.2669e-11, 2.0674e-11, 1.2976e-11, 8.6546e-12,        NaN,        NaN,        NaN,        NaN
100101,     212.0,  432669.9,4194914.5, 2309.0, 28.6, 0.0, 0.0, 0.0, 0, 0, 0, 0, 0, 0,        NaN,        NaN,        NaN,        NaN,        NaN, 1.1076e-08, 8.0580e-09, 5.5691e-09, 3.3945e-09, 1.9798e-09, 1.1802e-09, 7.1036e-10, 4.3346e-10, 2.6926e-10, 1.6805e-10, 1.1063e-10, 7.3726e-11, 4.8429e-11, 3.1942e-11, 2.1015e-11, 1.2383e-11, 8.3110e-12,        NaN,        NaN,        NaN,        NaN
100101,     213.0,  432696.6,4194922.0, 2309.0, 28.3, 0.0, 0.0, 0.0, 0, 0, 0, 0, 0, 0,        NaN,        NaN,        NaN,        NaN,        NaN, 1.0802e-08, 7.8347e-09, 5.3447e-09, 3.2779e-09, 1.9126e-09, 1.1524e-09, 7.0015e-10, 4.2451e-10, 2.6926e-10, 1.6673e-10, 1.1015e-10, 7.1223e-11, 4.6727e-11, 3.1304e-11, 2.1323e-11, 1.3467e-11, 8.6158e-12,        NaN,        NaN,        NaN,        NaN
100101,     214.0,  432723.3,4194930.0, 2309.0, 27.7, 0.0, 0.0, 0.0, 0, 0, 0, 0, 0, 0,        NaN,        NaN,        NaN,        NaN,        NaN, 1.1033e-08, 8.0659e-09, 5.3712e-09, 3.2812e-09, 1.9126e-09, 1.1437e-09, 7.0483e-10, 4.2500e-10, 2.6761e-10, 1.6939e-10, 1.0887e-10, 7.0434e-11, 4.7244e-11, 3.0430e-11, 2.0258e-11, 1.3451e-11, 8.5323e-12,        NaN,        NaN,        NaN,        NaN
100101,     215.0,  432750.3,4194939.0, 2309.0, 26.8, 0.0, 0.0, 0.0, 0, 0, 0, 0, 0, 0,        NaN,        NaN,        NaN,        NaN,        NaN, 1.1474e-08, 8.3588e-09, 5.5129e-09, 3.3251e-09, 1.9326e-09, 1.1524e-09, 6.9937e-10, 4.2895e-10, 2.7468e-10, 1.7144e-10, 1.0887e-10, 6.9127e-11, 4.6735e-11, 2.9461e-11, 2.0793e-11, 1.2625e-11,        NaN,        NaN,        NaN,        NaN,        NaN
100101,     216.0,  432777.3,4194948.5, 2309.0, 26.5, 0.0, 0.0, 0.0, 0, 0, 0, 0, 0, 0,        NaN,        NaN,        NaN,        NaN,        NaN, 1.1706e-08, 8.4263e-09, 5.5353e-09, 3.3251e-09, 1.8949e-09, 1.1304e-09, 7.0956e-10, 4.3550e-10, 2.7606e-10, 1.7052e-10, 1.1244e-10, 6.9693e-11, 4.6350e-11, 2.8209e-11, 1.9826e-11, 1.2549e-11,        NaN,        NaN,        NaN,        NaN,        NaN
100101,     217.0,  432804.3,4194958.0, 2308.9, 26.7, 0.0, 0.0, 0.0, 0, 0, 0, 0, 0, 0,        NaN,        NaN,        NaN,        NaN,        NaN, 1.1217e-08, 8.0423e-09, 5.3341e-09, 3.0548e-09, 1.7943e-09, 1.0885e-09, 6.8942e-10, 4.3145e-10, 2.7502e-10, 1.7399e-10, 1.1047e-10, 7.0434e-11, 4.6155e-11, 2.7863e-11, 1.9512e-11, 1.2628e-11,        NaN,        NaN,        NaN,        NaN,        NaN
100101,     218.0,  432829.3,4194967.0, 2308.9, 27.8, 0.0, 0.0, 0.0, 0, 0, 0, 0, 0, 0,        NaN,        NaN,        NaN,        NaN,        NaN, 1.0037e-08, 7.1837e-09, 4.8563e-09, 2.7859e-09, 1.6718e-09, 1.0121e-09, 6.4844e-10, 4.1776e-10, 2.6565e-10, 1.7352e-10, 1.0669e-10, 6.8249e-11, 4.5185e-11, 2.8183e-11, 1.9324e-11, 1.3207e-11,        NaN,        NaN,        NaN,        NaN,        NaN
100101,     219.0,  432854.9,4194976.0, 2309.0, 29.2, 0.0, 0.0, 0.0, 0, 0, 0, 0, 0, 0,        NaN,        NaN,        NaN,        NaN,        NaN, 8.5315e-09, 6.2654e-09, 4.2836e-09, 2.5046e-09, 1.5211e-09, 9.3450e-10, 6.1698e-10, 3.9033e-10, 2.5803e-10, 1.6894e-10, 1.0639e-10, 6.8091e-11, 4.4506e-11, 2.8393e-11, 1.7897e-11, 1.3057e-11,        NaN,        NaN,        NaN,        NaN,        NaN
100101,     220.0,  432882.2,4194986.0, 2309.0, 30.2, 0.0, 0.0, 0.0, 0, 0, 0, 0, 0, 0,        NaN,        NaN,        NaN,        NaN,        NaN, 6.7695e-09, 5.4197e-09, 3.7499e-09, 2.3416e-09, 1.4485e-09, 8.9567e-10, 5.9208e-10, 3.7552e-10, 2.3615e-10, 1.5914e-10, 1.0298e-10, 6.5467e-11, 4.1293e-11, 2.7812e-11, 1.7265e-11, 1.2129e-11,        NaN,        NaN,        NaN,        NaN,        NaN
100101,     221.0,  432911.7,4194996.0, 2309.2, 30.3, 0.0, 0.0, 0.0, 0, 0, 0, 0, 0, 0,        NaN,        NaN,        NaN,        NaN,        NaN, 6.4647e-09, 4.7748e-09, 3.4493e-09, 2.1973e-09, 1.3487e-09, 8.4595e-10, 5.4804e-10, 3.5828e-10, 2.2784e-10, 1.5212e-10, 9.8672e-11, 6.3738e-11, 4.0350e-11, 2.6428e-11, 1.7065e-11, 1.1942e-11,        NaN,        NaN,        NaN,        NaN,        NaN
100101,     222.0,  432943.9,4195006.0, 2309.7, 29.4, 0.0, 0.0, 0.0, 0, 0, 0, 0, 0, 0,        NaN,        NaN,        NaN,        NaN,        NaN, 6.6530e-09, 4.8925e-09, 3.3742e-09, 2.1536e-09, 1.3236e-09, 8.2920e-10, 5.3638e-10, 3.4507e-10, 2.2609e-10, 1.4559e-10, 9.3293e-11, 5.9967e-11, 3.7680e-11, 2.5580e-11, 1.6940e-11, 1.2036e-11,        NaN,        NaN,        NaN,        NaN,        NaN
100101,     223.0,  432974.9,4195015.5, 2310.0, 28.9, 0.0, 0.0, 0.0, 0, 0, 0, 0, 0, 0,        NaN,        NaN,        NaN,        NaN,        NaN, 6.7412e-09, 4.9340e-09, 3.4139e-09, 2.1487e-09, 1.3355e-09, 8.3641e-10, 5.1989e-10, 3.4028e-10, 2.2073e-10, 1.3478e-10, 9.2084e-11, 5.7975e-11, 3.7616e-11, 2.3534e-11, 1.7068e-11, 1.1631e-11,        NaN,        NaN,        NaN,        NaN,        NaN
100101,     224.0,  433006.2,4195025.0, 2310.0, 28.0, 0.0, 0.0, 0.0, 0, 0, 0, 0, 0, 0,        NaN,        NaN,        NaN,        NaN,        NaN, 6.7979e-09, 4.9549e-09, 3.4139e-09, 2.1339e-09, 1.3399e-09, 8.3787e-10, 5.2561e-10, 3.3894e-10, 2.1978e-10, 1.3463e-10, 9.2927e-11, 5.7574e-11, 3.6303e-11, 2.3312e-11, 1.6431e-11, 1.0356e-11,        NaN,        NaN,        NaN,        NaN,        NaN
100101,     225.0,  433036.8,4195035.5, 2309.9, 27.8, 0.0, 0.0, 0.0, 0, 0, 0, 0, 0, 0,        NaN,        NaN,        NaN,        NaN,        NaN, 6.7695e-09, 4.9270e-09, 3.3915e-09, 2.0781e-09, 1.3098e-09, 8.2208e-10, 5.1800e-10, 3.3594e-10, 2.1466e-10, 1.2958e-10, 8.7719e-11, 5.6322e-11, 3.7042e-11, 2.3958e-11, 1.5914e-11, 9.2067e-12,        NaN,        NaN,        NaN,        NaN,        NaN
100101,     226.0,  433066.2,4195046.5, 2309.6, 28.3, 0.0, 0.0, 0.0, 0, 0, 0, 0, 0, 0,        NaN,        NaN,        NaN,        NaN,        NaN, 6.4691e-09, 4.7355e-09, 3.2829e-09, 2.0099e-09, 1.2688e-09, 7.6676e-10, 4.9581e-10, 3.2312e-10, 2.0714e-10, 1.2731e-10, 8.2084e-11, 5.3592e-11, 3.5927e-11, 2.4078e-11, 1.5063e-11, 8.9379e-12,        NaN,        NaN,        NaN,        NaN,        NaN
100101,     227.0,  433094.7,4195059.0, 2309.1, 29.7, 0.0, 0.0, 0.0, 0, 0, 0, 0, 0, 0,        NaN,        NaN,        NaN,        NaN,        NaN, 6.1057e-09, 4.4310e-09, 3.0995e-09, 1.9164e-09, 1.2111e-09, 7.0245e-10, 4.7152e-10, 3.1140e-10, 1.9296e-10, 1.2579e-10, 7.6060e-11, 4.9860e-11, 3.4090e-11, 2.2443e-11, 1.4216e-11, 8.8124e-12,        NaN,        NaN,        NaN,        NaN,        NaN
100101,     228.0,  433122.9,4195071.0, 2309.2, 32.1, 0.0, 0.0, 0.0, 0, 0, 0, 0, 0, 0,        NaN,        NaN,        NaN,        NaN,        NaN, 5.5032e-09, 4.0228e-09, 2.7960e-09, 1.7988e-09, 1.0664e-09, 6.5382e-10, 4.3684e-10, 2.9179e-10, 1.8450e-10, 1.1999e-10, 7.2228e-11, 4.6043e-11, 3.2137e-11, 2.2070e-11, 1.4155e-11, 8.4514e-12,        NaN,        NaN,        NaN,        NaN,        NaN
100101,     229.0,  433151.6,4195083.0, 2309.6, 33.9, 0.0, 0.0, 0.0, 0, 0, 0, 0, 0, 0,        NaN,        NaN,        NaN,        NaN,        NaN, 5.0195e-09, 3.6567e-09, 2.5329e-09, 1.6295e-09, 9.8189e-10, 5.9497e-10, 3.8841e-10, 2.7439e-10, 1.7212e-10, 1.1290e-10, 6.5464e-11, 4.2497e-11, 2.9730e-11, 2.0767e-11, 1.2909e-11, 7.5152e-12,        NaN,        NaN,        NaN,        NaN,        NaN
100101,     230.0,  433180.4,4195094.0, 2310.3, 34.9, 0.0, 0.0, 0.0, 0, 0, 0, 0, 0, 0,        NaN,        NaN,        NaN,        NaN,        NaN, 4.4693e-09, 3.3575e-09, 2.3297e-09, 1.4598e-09, 9.2602e-10, 5.6196e-10, 3.7459e-10, 2.5236e-10, 1.6206e-10, 1.0847e-10, 6.5127e-11, 4.0114e-11, 2.9460e-11, 2.1704e-11, 1.2747e-11, 7.9435e-12,        NaN,        NaN,        NaN,        NaN,        NaN
100101,     231.0,  433210.6,4195104.0, 2310.8, 35.2, 0.0, 0.0, 0.0, 0, 0, 0, 0, 0, 0,        NaN,        NaN,        NaN,        NaN,        NaN, 4.2340e-09, 3.1705e-09, 2.2462e-09, 1.4126e-09, 9.1144e-10, 5.5935e-10, 3.6918e-10, 2.3995e-10, 1.5321e-10, 1.0255e-10, 6.5262e-11, 4.0202e-11, 2.6675e-11, 1.8272e-11, 1.2942e-11, 8.3828e-12,        NaN,        NaN,        NaN,        NaN,        NaN
100101,     232.0,  433242.0,4195113.5, 2311.0, 34.5, 0.0, 0.0, 0.0, 0, 0, 0, 0, 0, 0,        NaN,        NaN,        NaN,        NaN,        NaN, 4.1448e-09, 3.1180e-09, 2.2701e-09, 1.4426e-09, 9.1491e-10, 5.6535e-10, 3.7322e-10, 2.4166e-10, 1.5478e-10, 1.0007e-10, 6.6424e-11, 4.1049e-11, 2.7922e-11, 1.7561e-11, 1.2261e-11, 9.0495e-12,        NaN,        NaN,        NaN,        NaN,        NaN
100101,     233.0,  433273.7,4195124.0, 2311.2, 33.1, 0.0, 0.0, 0.0, 0, 0, 0, 0, 0, 0,        NaN,        NaN,        NaN,        NaN,        NaN, 4.4764e-09, 3.2873e-09, 2.3948e-09, 1.5281e-09, 9.5763e-10, 5.8965e-10, 3.8581e-10, 2.4711e-10, 1.4964e-10, 1.0314e-10, 6.8415e-11, 4.2020e-11, 2.9576e-11, 1.7680e-11, 1.2359e-11, 8.8902e-12,        NaN,        NaN,        NaN,        NaN,        NaN
100101,     234.0,  433305.3,4195135.5, 2311.4, 31.7, 0.0, 0.0, 0.0, 0, 0, 0, 0, 0, 0,        NaN,        NaN,        NaN,        NaN,        NaN, 4.8792e-09, 3.7494e-09, 2.5133e-09, 1.5978e-09, 9.9774e-10, 6.2637e-10, 3.9760e-10, 2.6146e-10, 1.5787e-10, 1.0363e-10, 7.2548e-11, 4.2210e-11, 3.1019e-11, 1.6785e-11, 1.1478e-11,        NaN,        NaN,        NaN,        NaN,        NaN,        NaN
100101,     235.0,  433335.8,4195147.5, 2311.7, 31.0, 0.0, 0.0, 0.0, 0, 0, 0, 0, 0, 0,        NaN,        NaN,        NaN,        NaN,        NaN, 5.1908e-09, 3.8508e-09, 2.6191e-09, 1.6731e-09, 1.0300e-09, 6.5141e-10, 4.0873e-10, 2.6431e-10, 1.6336e-10, 1.0544e-10, 7.4689e-11, 4.4185e-11, 3.2315e-11, 1.6984e-11, 1.2054e-11,        NaN,        NaN,        NaN,        NaN,        NaN,        NaN
100101,     236.0,  433365.2,4195160.5, 2311.6, 31.0, 0.0, 0.0, 0.0, 0, 0, 0, 0, 0, 0,        NaN,        NaN,        NaN,        NaN,        NaN, 5.1366e-09, 3.8508e-09, 2.6815e-09, 1.7006e-09, 1.0494e-09, 6.6013e-10, 4.0033e-10, 2.7088e-10, 1.6093e-10, 1.0158e-10, 7.4019e-11, 4.4340e-11, 3.1061e-11, 1.5683e-11, 1.1427e-11,        NaN,        NaN,        NaN,        NaN,        NaN,        NaN
100101,     237.0,  433394.7,4195173.0, 2311.1, 32.1, 0.0, 0.0, 0.0, 0, 0, 0, 0, 0, 0,        NaN,        NaN,        NaN,        NaN,        NaN, 4.8710e-09, 3.6929e-09, 2.5637e-09, 1.6442e-09, 1.0175e-09, 6.4148e-10, 3.9222e-10, 2.6146e-10, 1.6379e-10, 1.0265e-10, 7.5198e-11, 4.4185e-11, 3.1271e-11, 1.6851e-11, 1.0985e-11,        NaN,        NaN,        NaN,        NaN,        NaN,        NaN
100101,     238.0,  433425.6,4195185.5, 2311.1, 33.4, 0.0, 0.0, 0.0, 0, 0, 0, 0, 0, 0,        NaN,        NaN,        NaN,        NaN,        NaN, 4.7116e-09, 3.5839e-09, 2.4776e-09, 1.5565e-09, 1.0045e-09, 6.2413e-10, 3.7187e-10, 2.5073e-10, 1.5217e-10, 1.0101e-10, 6.9899e-11, 4.2787e-11, 2.9769e-11, 1.7443e-11, 1.2131e-11,        NaN,        NaN,        NaN,        NaN,        NaN,        NaN
100101,     239.0,  433453.2,4195196.5, 2311.1, 35.1, 0.0, 0.0, 0.0, 0, 0, 0, 0, 0, 0,        NaN,        NaN,        NaN,        NaN,        NaN, 4.2125e-09, 3.1789e-09, 2.2325e-09, 1.3813e-09, 9.4039e-10, 5.8004e-10, 3.5977e-10, 2.4204e-10, 1.4989e-10, 9.9975e-11, 6.3355e-11, 4.1369e-11, 2.7748e-11, 1.8322e-11, 1.2086e-11, 9.7922e-12,        NaN,        NaN,        NaN,        NaN,        NaN
100101,     240.0,  433481.1,4195206.0, 2311.4, 35.2, 0.0, 0.0, 0.0, 0, 0, 0, 0, 0, 0,        NaN,        NaN,        NaN,        NaN,        NaN, 3.8745e-09, 3.0064e-09, 2.1145e-09, 1.3045e-09, 8.3095e-10, 5.5236e-10, 3.6705e-10, 2.3259e-10, 1.5217e-10, 9.7775e-11, 6.1724e-11, 4.1553e-11, 2.6258e-11, 1.6917e-11, 1.1129e-11, 8.9909e-12,        NaN,        NaN,        NaN,        NaN,        NaN
100101,     241.0,  433512.0,4195216.5, 2311.8, 34.2, 0.0, 0.0, 0.0, 0, 0, 0, 0, 0, 0,        NaN,        NaN,        NaN,        NaN,        NaN, 4.0207e-09, 3.0954e-09, 2.1605e-09, 1.3442e-09, 8.8067e-10, 5.5713e-10, 3.6785e-10, 2.3367e-10, 1.5478e-10, 1.0236e-10, 5.7663e-11, 4.1140e-11, 2.5160e-11, 1.7007e-11, 1.1211e-11, 7.8482e-12,        NaN,        NaN,        NaN,        NaN,        NaN
100101,     242.0,  433544.8,4195228.0, 2312.0, 33.5, 0.0, 0.0, 0.0, 0, 0, 0, 0, 0, 0,        NaN,        NaN,        NaN,        NaN,        NaN, 4.1594e-09, 3.2384e-09, 2.2499e-09, 1.4233e-09, 9.0857e-10, 5.6535e-10, 3.8523e-10, 2.3957e-10, 1.5360e-10, 9.9788e-11, 5.8777e-11, 3.9425e-11, 2.4811e-11, 1.6084e-11, 1.0526e-11, 7.6519e-12,        NaN,        NaN,        NaN,        NaN,        NaN
100101,     243.0,  433578.9,4195240.0, 2312.0, 32.9, 0.0, 0.0, 0.0, 0, 0, 0, 0, 0, 0,        NaN,        NaN,        NaN,        NaN,        NaN, 4.4669e-09, 3.3741e-09, 2.3390e-09, 1.5041e-09, 9.5142e-10, 5.6839e-10, 3.8783e-10, 2.4691e-10, 1.5856e-10, 9.6617e-11, 6.0576e-11, 3.9724e-11, 2.5278e-11, 1.6396e-11, 1.0438e-11, 7.6710e-12,        NaN,        NaN,        NaN,        NaN,        NaN
100101,     244.0,  433611.6,4195253.0, 2312.0, 32.6, 0.0, 0.0, 0.0, 0, 0, 0, 0, 0, 0,        NaN,        NaN,        NaN,        NaN,        NaN, 4.5927e-09, 3.4001e-09, 2.3976e-09, 1.5225e-09, 9.5018e-10, 5.9621e-10, 3.8466e-10, 2.5484e-10, 1.6321e-10, 9.8408e-11, 6.2094e-11, 3.9130e-11, 2.4956e-11, 1.4151e-11, 9.8945e-12,        NaN,        NaN,        NaN,        NaN,        NaN,        NaN
100101,     245.0,  433640.6,4195265.0, 2312.0, 33.0, 0.0, 0.0, 0.0, 0, 0, 0, 0, 0, 0,        NaN,        NaN,        NaN,        NaN,        NaN, 4.6987e-09, 3.3685e-09, 2.3444e-09, 1.5050e-09, 9.4895e-10, 5.9662e-10, 3.8841e-10, 2.5631e-10, 1.6206e-10, 1.0063e-10, 6.1970e-11, 3.9047e-11, 2.5915e-11, 1.3024e-11, 8.2946e-12,        NaN,        NaN,        NaN,        NaN,        NaN,        NaN
100101,     246.0,  433670.4,4195277.5, 2312.1, 33.9, 0.0, 0.0, 0.0, 0, 0, 0, 0, 0, 0,        NaN,        NaN,        NaN,        NaN,        NaN, 4.5122e-09, 3.3870e-09, 2.2867e-09, 1.4960e-09, 9.2484e-10, 5.8163e-10, 3.8466e-10, 2.4811e-10, 1.6206e-10, 9.7775e-11, 6.1115e-11, 3.7473e-11, 2.6449e-11, 1.3347e-11,        NaN,        NaN,        NaN,        NaN,        NaN,        NaN,        NaN
100101,     247.0,  433700.7,4195289.0, 2312.3, 34.7, 0.0, 0.0, 0.0, 0, 0, 0, 0, 0, 0,        NaN,        NaN,        NaN,        NaN,        NaN, 4.2470e-09, 3.1245e-09, 2.2056e-09, 1.4494e-09, 8.8669e-10, 5.6271e-10, 3.7322e-10, 2.4033e-10, 1.5828e-10, 9.6617e-11, 6.1785e-11, 3.5713e-11, 2.6707e-11, 1.3890e-11,        NaN,        NaN,        NaN,        NaN,        NaN,        NaN,        NaN
100101,     248.0,  433731.6,4195299.5, 2312.7, 35.4, 0.0, 0.0, 0.0, 0, 0, 0, 0, 0, 0,        NaN,        NaN,        NaN,        NaN,        NaN, 3.9083e-09, 2.9317e-09, 2.0648e-09, 1.4077e-09, 8.5780e-10, 5.3088e-10, 3.6364e-10, 2.2853e-10, 1.5077e-10, 9.6529e-11, 5.9810e-11, 3.6934e-11, 2.6838e-11, 1.5002e-11,        NaN,        NaN,        NaN,        NaN,        NaN,        NaN,        NaN
100101,     249.0,  433763.4,4195309.0, 2313.0, 35.5, 0.0, 0.0, 0.0, 0, 0, 0, 0, 0, 0,        NaN,        NaN,        NaN,        NaN,        NaN, 3.8430e-09, 2.9792e-09, 2.0594e-09, 1.3805e-09, 8.3941e-10, 5.1396e-10, 3.4928e-10, 2.2697e-10, 1.5002e-10, 9.5309e-11, 6.1479e-11, 3.7164e-11, 2.7303e-11, 1.5261e-11,        NaN,        NaN,        NaN,        NaN,        NaN,        NaN,        NaN
100101,     250.0,  433795.8,4195318.5, 2313.2, 34.8, 0.0, 0.0, 0.0, 0, 0, 0, 0, 0, 0,        NaN,        NaN,        NaN,        NaN,        NaN, 3.9755e-09, 3.1293e-09, 2.0933e-09, 1.3860e-09, 8.3342e-10, 5.3568e-10, 3.5001e-10, 2.3604e-10, 1.5347e-10, 9.5223e-11, 6.0994e-11, 3.6745e-11, 2.6513e-11, 1.6250e-11,        NaN,        NaN,        NaN,        NaN,        NaN,        NaN,        NaN
100101,     251.0,  433827.8,4195327.5, 2313.2, 34.1, 0.0, 0.0, 0.0, 0, 0, 0, 0, 0, 0,        NaN,        NaN,        NaN,        NaN,        NaN, 4.1178e-09, 3.2161e-09, 2.2178e-09, 1.4486e-09, 8.5885e-10, 5.5200e-10, 3.5748e-10, 2.3170e-10, 1.5611e-10, 9.5223e-11, 6.2909e-11, 3.6334e-11, 2.5101e-11, 1.6962e-11,        NaN,        NaN,        NaN,        NaN,        NaN,        NaN,        NaN
100101,     252.0,  433858.8,4195337.5, 2313.1, 34.1, 0.0, 0.0, 0.0, 0, 0, 0, 0, 0, 0,        NaN,        NaN,        NaN,        NaN,        NaN, 4.1510e-09, 3.2418e-09, 2.2251e-09, 1.4667e-09, 8.6620e-10, 5.6916e-10, 3.5521e-10, 2.3331e-10, 1.5321e-10, 9.3526e-11, 6.0516e-11, 3.7630e-11, 2.4898e-11, 1.8272e-11, 1.0615e-11,        NaN,        NaN,        NaN,        NaN,        NaN,        NaN
