DataTypeString=DTTEM;XUTM=750620.94;YUTM=3812641.40;DataSet=1;Elevation=59.34;StationNumber=4;LineNumber=0;TemSegCount=6;TemSegNo=2;TxArea=1600;Current=1;AveRes=NAN
7 3
0.00 0.00 0.00 0.00 0.00 0.00 
40.00 40.00 
3 3 3
3 1
3 -8.3330e-03 -8.0330e-03 0.0000e+00 1.0000e+00    -8.0330e-03 0.0000e+00 1.0000e+00 1.0000e+00    0.0000e+00 5.4000e-06 1.0000e+00 0.0000e+00    
1 1 1.000e00 
1  01  4.500e+05 
0 
 1.590e-05 
1  1.000e+00  4.500e+05 
0 
%1.55950e-05           999 5.0000e-02 1 1
%1.75950e-05           999 5.0000e-02 1 1
%2.00950e-05           999 5.0000e-02 1 1
 2.30950e-05  3.242222e-04 5.0008e-02 1 1
 2.65950e-05  2.255894e-04 5.0007e-02 1 1
 3.10950e-05  1.467081e-04 5.0006e-02 1 1
 3.70950e-05  8.836307e-05 5.0006e-02 1 1
 4.45950e-05  5.041967e-05 5.0005e-02 1 1
 5.35950e-05  2.831573e-05 5.0004e-02 1 1
 6.50950e-05  1.513311e-05 5.0007e-02 1 1
 7.95950e-05  7.785580e-06 5.0009e-02 1 1
 9.80950e-05  3.863823e-06 5.0018e-02 1 1
 1.21595e-04  1.872432e-06 5.0067e-02 1 1
 1.50595e-04  9.125968e-07 5.0184e-02 1 1
 1.87595e-04  4.405984e-07 5.0081e-02 1 1
 2.34095e-04  2.139765e-07 5.1884e-02 1 1
 2.92095e-04  1.094728e-07 5.2410e-02 1 1
 3.65595e-04  5.784041e-08 5.4210e-02 1 1
 4.58095e-04  3.292781e-08 5.9865e-02 1 1
 5.74595e-04  1.890669e-08 6.5906e-02 1 1
 7.21095e-04  1.080691e-08 7.1128e-02 1 1
 9.05595e-04  6.922324e-09 9.0986e-02 1 1
 1.13810e-03  4.263561e-09 1.3070e-01 1 1
 1.43059e-03  2.643413e-09 1.2459e-01 1 1
%1.79859e-03           999 5.0000e-02 1 1
%2.26210e-03           999 5.0000e-02 1 1
%2.84559e-03           999 5.0000e-02 1 1
%3.58010e-03           999 5.0000e-02 1 1
%4.50510e-03           999 5.0000e-02 1 1
%5.66960e-03           999 5.0000e-02 1 1
%7.13510e-03           999 5.0000e-02 1 1
