DataTypeString=DTTEM;XUTM=750620.94;YUTM=3812641.40;DataSet=1;Elevation=59.34;StationNumber=4;LineNumber=0;TemSegCount=6;TemSegNo=1;TxArea=1600;Current=1.4;AveRes=NAN
7 3
0.00 0.00 0.00 0.00 0.00 0.00 
40.00 40.00 
3 3 3
3 1
3 -1.0410e-03 -9.8500e-04 0.0000e+00 1.0000e+00    -9.8500e-04 0.0000e+00 1.0000e+00 1.0000e+00    0.0000e+00 4.0000e-06 1.0000e+00 0.0000e+00    
1 1 1.000e00 
1  01  4.500e+05 
0 
 5.800e-06 
1  1.000e+00  4.500e+05 
0 
%5.49500e-06           999 5.0000e-02 1 1
 7.49500e-06  1.699431e-03 5.0145e-02 1 1
 9.49500e-06  1.460335e-03 5.0145e-02 1 1
 1.14950e-05  1.181430e-03 5.0153e-02 1 1
 1.34950e-05  9.286896e-04 5.0161e-02 1 1
 1.54950e-05  7.247308e-04 5.0157e-02 1 1
 1.74950e-05  5.674636e-04 5.0126e-02 1 1
 1.99950e-05  4.277505e-04 5.0168e-02 1 1
 2.29950e-05  3.060367e-04 5.0142e-02 1 1
 2.64950e-05  2.144236e-04 5.0145e-02 1 1
 3.09950e-05  1.407969e-04 5.0181e-02 1 1
 3.69950e-05  8.573446e-05 5.0164e-02 1 1
 4.44950e-05  4.930051e-05 5.0243e-02 1 1
 5.34950e-05  2.788885e-05 5.0233e-02 1 1
 6.49950e-05  1.503663e-05 5.0352e-02 1 1
 7.94950e-05  7.785583e-06 5.0488e-02 1 1
 9.79950e-05  3.893166e-06 5.1504e-02 1 1
 1.21495e-04  1.896356e-06 5.1351e-02 1 1
 1.50495e-04  9.337118e-07 5.5298e-02 1 1
 1.87495e-04  4.463552e-07 6.0229e-02 1 1
 2.33995e-04  2.138457e-07 8.1314e-02 1 1
 2.91995e-04  1.060606e-07 9.9848e-02 1 1
 3.65495e-04  5.774718e-08 1.1507e-01 1 1
 4.57995e-04  2.885804e-08 2.0009e-01 1 1
%5.74495e-04           999 5.0000e-02 1 1
%7.20995e-04           999 5.0000e-02 1 1
