line,id,N,E,Z,alt,TxRoll,TxPitch,TxYaw,RxRoll,RxPith,RxYaw,Off[0],Off[1],Off[2],Off[3],Off[4],Off[5],Off[6],Off[7],Off[8],Off[9],Off[10],Off[11],Off[12],Off[13],Off[14],Off[15],Off[16],Off[17],Off[18],Off[19],Off[20],Off[21],Off[22],Off[23],Off[24],Off[25]
100101,     154.0,  431112.2,4194346.5, 2304.0, 36.7, 0, 0, 0, 0, 0, 0,        NaN,        NaN,        NaN,        NaN,        NaN, 4.9966e-09, 3.7827e-09, 2.8105e-09, 1.8249e-09, 1.1185e-09, 7.1179e-10, 4.5742e-10, 2.9205e-10, 1.9883e-10, 1.2524e-10, 9.0551e-11, 6.3083e-11, 3.9920e-11, 2.6904e-11, 1.8231e-11, 1.3699e-11,        NaN,        NaN,        NaN,        NaN,        NaN
100101,     155.0,  431140.7,4194354.0, 2304.1, 37.1, 0, 0, 0, 0, 0, 0,        NaN,        NaN,        NaN,        NaN,        NaN, 4.8250e-09, 3.5738e-09, 2.6799e-09, 1.7451e-09, 1.0869e-09, 6.8961e-10, 4.5026e-10, 2.8893e-10, 1.9883e-10, 1.2483e-10, 9.0203e-11, 6.0224e-11, 3.9182e-11, 2.6617e-11, 1.7990e-11, 1.2741e-11,        NaN,        NaN,        NaN,        NaN,        NaN
100101,     156.0,  431168.1,4194364.0, 2304.4, 37.7, 0, 0, 0, 0, 0, 0,        NaN,        NaN,        NaN,        NaN,        NaN, 4.5779e-09, 3.4494e-09, 2.5560e-09, 1.6495e-09, 1.0709e-09, 6.7971e-10, 4.4184e-10, 2.9048e-10, 1.9883e-10, 1.2497e-10, 8.7171e-11, 5.9542e-11, 3.7778e-11, 2.6205e-11, 1.7302e-11, 1.1865e-11,        NaN,        NaN,        NaN,        NaN,        NaN
100101,     157.0,  431194.8,4194376.0, 2304.9, 37.5, 0, 0, 0, 0, 0, 0,        NaN,        NaN,        NaN,        NaN,        NaN, 4.5412e-09, 3.4322e-09, 2.4776e-09, 1.6634e-09, 1.0458e-09, 6.7308e-10, 4.3968e-10, 2.9899e-10, 1.9605e-10, 1.2915e-10, 8.4099e-11, 5.9207e-11, 3.7894e-11, 2.5930e-11, 1.7225e-11, 1.1517e-11,        NaN,        NaN,        NaN,        NaN,        NaN
100101,     158.0,  431221.1,4194389.0, 2304.5, 36.4, 0, 0, 0, 0, 0, 0,        NaN,        NaN,        NaN,        NaN,        NaN, 4.7533e-09, 3.7583e-09, 2.6353e-09, 1.7782e-09, 1.1009e-09, 6.8750e-10, 4.5476e-10, 3.1140e-10, 1.9372e-10, 1.3147e-10, 8.3893e-11, 5.7257e-11, 3.7582e-11, 2.6232e-11, 1.6772e-11, 1.1399e-11,        NaN,        NaN,        NaN,        NaN,        NaN
100101,     159.0,  431245.5,4194400.5, 2304.2, 34.9, 0, 0, 0, 0, 0, 0,        NaN,        NaN,        NaN,        NaN,        NaN, 5.2926e-09, 4.1343e-09, 2.8959e-09, 1.9679e-09, 1.2047e-09, 7.8341e-10, 4.7884e-10, 3.2406e-10, 2.0416e-10, 1.3855e-10, 8.6736e-11, 5.6322e-11, 3.8070e-11, 2.7034e-11, 1.5841e-11, 1.0991e-11,        NaN,        NaN,        NaN,        NaN,        NaN
100101,     160.0,  431271.2,4194411.0, 2304.5, 33.3, 0, 0, 0, 0, 0, 0,        NaN,        NaN,        NaN,        NaN,        NaN, 5.8336e-09, 4.5318e-09, 3.2138e-09, 2.1209e-09, 1.3004e-09, 8.2634e-10, 5.1566e-10, 3.4301e-10, 2.1173e-10, 1.4251e-10, 8.7830e-11, 6.0918e-11, 3.8992e-11, 2.7710e-11, 1.5780e-11, 1.0662e-11,        NaN,        NaN,        NaN,        NaN,        NaN
100101,     161.0,  431297.6,4194420.5, 2305.0, 32.1, 0, 0, 0, 0, 0, 0,        NaN,        NaN,        NaN,        NaN,        NaN, 6.2270e-09, 4.7913e-09, 3.4214e-09, 2.2302e-09, 1.3930e-09, 8.6635e-10, 5.3638e-10, 3.5572e-10, 2.1954e-10, 1.4916e-10, 9.3171e-11, 6.3269e-11, 4.2196e-11, 2.8643e-11, 1.6587e-11, 1.1221e-11,        NaN,        NaN,        NaN,        NaN,        NaN
100101,     162.0,  431323.9,4194428.0, 2305.0, 31.6, 0, 0, 0, 0, 0, 0,        NaN,        NaN,        NaN,        NaN,        NaN, 6.3567e-09, 4.8959e-09, 3.4931e-09, 2.2730e-09, 1.4155e-09, 8.8519e-10, 5.6716e-10, 3.6200e-10, 2.3350e-10, 1.5081e-10, 9.5919e-11, 6.6773e-11, 4.3011e-11, 2.8100e-11, 1.5979e-11, 1.1311e-11,        NaN,        NaN,        NaN,        NaN,        NaN
100101,     163.0,  431350.6,4194434.5, 2305.0, 31.1, 0, 0, 0, 0, 0, 0,        NaN,        NaN,        NaN,        NaN,        NaN, 6.4211e-09, 4.8822e-09, 3.4931e-09, 2.2640e-09, 1.4203e-09, 8.9000e-10, 5.6552e-10, 3.5572e-10, 2.3803e-10, 1.5268e-10, 9.9076e-11, 7.1143e-11, 4.4475e-11, 2.9539e-11, 1.7055e-11, 1.2547e-11,        NaN,        NaN,        NaN,        NaN,        NaN
100101,     164.0,  431377.5,4194442.0, 2305.0, 31.0, 0, 0, 0, 0, 0, 0,        NaN,        NaN,        NaN,        NaN,        NaN, 6.4822e-09, 4.9375e-09, 3.4931e-09, 2.2443e-09, 1.4203e-09, 8.8359e-10, 5.5219e-10, 3.5865e-10, 2.4104e-10, 1.5421e-10, 9.9755e-11, 7.3212e-11, 4.6926e-11, 3.0699e-11, 1.7678e-11, 1.2228e-11,        NaN,        NaN,        NaN,        NaN,        NaN
100101,     165.0,  431404.8,4194449.5, 2305.0, 31.3, 0, 0, 0, 0, 0, 0,        NaN,        NaN,        NaN,        NaN,        NaN, 6.4516e-09, 4.9270e-09, 3.4340e-09, 2.2059e-09, 1.3918e-09, 8.7022e-10, 5.5219e-10, 3.5247e-10, 2.4187e-10, 1.5714e-10, 1.0003e-10, 7.4296e-11, 4.6835e-11, 3.0747e-11, 1.8268e-11, 1.3163e-11,        NaN,        NaN,        NaN,        NaN,        NaN
100101,     166.0,  431430.8,4194459.0, 2305.0, 31.3, 0, 0, 0, 0, 0, 0,        NaN,        NaN,        NaN,        NaN,        NaN, 6.2726e-09, 4.9166e-09, 3.4214e-09, 2.1871e-09, 1.3906e-09, 8.6022e-10, 5.5534e-10, 3.4927e-10, 2.3967e-10, 1.5694e-10, 9.9618e-11, 7.4528e-11, 4.7421e-11, 3.1910e-11, 1.9463e-11, 1.3656e-11,        NaN,        NaN,        NaN,        NaN,        NaN
100101,     167.0,  431455.9,4194469.5, 2305.0, 30.5, 0, 0, 0, 0, 0, 0,        NaN,        NaN,        NaN,        NaN,        NaN, 6.4039e-09, 4.8550e-09, 3.3890e-09, 2.1669e-09, 1.3883e-09, 8.5191e-10, 5.5693e-10, 3.6275e-10, 2.4525e-10, 1.6016e-10, 1.0639e-10, 7.3980e-11, 4.7294e-11, 3.3244e-11, 1.9516e-11, 1.4693e-11,        NaN,        NaN,        NaN,        NaN,        NaN
100101,     168.0,  431481.0,4194480.5, 2305.0, 29.5, 0, 0, 0, 0, 0, 0,        NaN,        NaN,        NaN,        NaN,        NaN, 7.1661e-09, 5.3552e-09, 3.6026e-09, 2.3227e-09, 1.4497e-09, 8.8839e-10, 5.8915e-10, 3.7079e-10, 2.5834e-10, 1.6717e-10, 1.1161e-10, 7.5258e-11, 5.0983e-11, 3.5903e-11, 2.1171e-11, 1.3872e-11,        NaN,        NaN,        NaN,        NaN,        NaN
100101,     169.0,  431507.1,4194490.5, 2305.1, 28.0, 0, 0, 0, 0, 0, 0,        NaN,        NaN,        NaN,        NaN,        NaN, 7.9297e-09, 5.9240e-09, 4.0969e-09, 2.5088e-09, 1.5375e-09, 9.4332e-10, 6.1824e-10, 3.8322e-10, 2.6403e-10, 1.6586e-10, 1.0950e-10, 7.4394e-11, 5.2480e-11, 3.5577e-11, 2.1550e-11, 1.5004e-11, 9.6350e-12,        NaN,        NaN,        NaN,        NaN
100101,     170.0,  431534.3,4194499.5, 2305.3, 27.3, 0, 0, 0, 0, 0, 0,        NaN,        NaN,        NaN,        NaN,        NaN, 8.0167e-09, 6.0685e-09, 4.1762e-09, 2.6402e-09, 1.6060e-09, 9.9924e-10, 6.3239e-10, 3.9290e-10, 2.6695e-10, 1.7167e-10, 1.0999e-10, 7.6701e-11, 5.2883e-11, 3.6513e-11, 2.1424e-11, 1.4773e-11, 9.5318e-12,        NaN,        NaN,        NaN,        NaN
100101,     171.0,  431561.5,4194507.5, 2305.5, 26.7, 0, 0, 0, 0, 0, 0,        NaN,        NaN,        NaN,        NaN,        NaN, 8.1630e-09, 6.1681e-09, 4.1973e-09, 2.6425e-09, 1.6030e-09, 9.8858e-10, 6.2396e-10, 3.9333e-10, 2.6435e-10, 1.7144e-10, 1.1261e-10, 7.7257e-11, 5.3077e-11, 3.6918e-11, 2.2022e-11, 1.4529e-11, 9.7794e-12,        NaN,        NaN,        NaN,        NaN
100101,     172.0,  431589.3,4194514.0, 2305.4, 26.9, 0, 0, 0, 0, 0, 0,        NaN,        NaN,        NaN,        NaN,        NaN, 8.1437e-09, 6.1130e-09, 4.2151e-09, 2.6080e-09, 1.5986e-09, 9.9050e-10, 6.1951e-10, 3.9462e-10, 2.5958e-10, 1.6673e-10, 1.0966e-10, 7.9442e-11, 5.2995e-11, 3.5701e-11, 2.1128e-11, 1.3962e-11, 9.0842e-12,        NaN,        NaN,        NaN,        NaN
100101,     173.0,  431617.5,4194522.0, 2305.6, 27.3, 0, 0, 0, 0, 0, 0,        NaN,        NaN,        NaN,        NaN,        NaN, 8.0607e-09, 5.9619e-09, 4.1208e-09, 2.5921e-09, 1.5711e-09, 9.8189e-10, 6.1761e-10, 3.8822e-10, 2.5225e-10, 1.6413e-10, 1.0533e-10, 7.6894e-11, 5.2772e-11, 3.4014e-11, 2.0588e-11, 1.3357e-11,        NaN,        NaN,        NaN,        NaN,        NaN
100101,     174.0,  431646.5,4194530.5, 2306.0, 27.7, 0, 0, 0, 0, 0, 0,        NaN,        NaN,        NaN,        NaN,        NaN, 7.9606e-09, 5.8678e-09, 4.0867e-09, 2.5390e-09, 1.5556e-09, 9.6137e-10, 6.1137e-10, 3.8529e-10, 2.4468e-10, 1.6286e-10, 1.0746e-10, 7.6304e-11, 5.0518e-11, 3.2709e-11, 2.0516e-11, 1.2063e-11,        NaN,        NaN,        NaN,        NaN,        NaN
100101,     175.0,  431672.2,4194539.5, 2305.7, 28.1, 0, 0, 0, 0, 0, 0,        NaN,        NaN,        NaN,        NaN,        NaN, 7.7487e-09, 5.8033e-09, 4.0004e-09, 2.4835e-09, 1.5265e-09, 9.5317e-10, 6.0828e-10, 3.8240e-10, 2.4132e-10, 1.5576e-10, 1.0313e-10, 7.5432e-11, 4.8880e-11, 3.1617e-11, 1.9980e-11, 1.2085e-11,        NaN,        NaN,        NaN,        NaN,        NaN
100101,     176.0,  431697.9,4194550.0, 2305.3, 28.6, 0, 0, 0, 0, 0, 0,        NaN,        NaN,        NaN,        NaN,        NaN, 7.5460e-09, 5.6516e-09, 3.9138e-09, 2.3959e-09, 1.5011e-09, 9.2669e-10, 5.8683e-10, 3.7792e-10, 2.3939e-10, 1.5118e-10, 1.0170e-10, 7.4935e-11, 4.7219e-11, 3.1372e-11, 1.9405e-11, 1.1036e-11,        NaN,        NaN,        NaN,        NaN,        NaN
100101,     177.0,  431724.4,4194561.0, 2305.6, 29.4, 0, 0, 0, 0, 0, 0,        NaN,        NaN,        NaN,        NaN,        NaN, 7.2766e-09, 5.4896e-09, 3.8304e-09, 2.3627e-09, 1.4648e-09, 9.0141e-10, 5.6606e-10, 3.6350e-10, 2.3912e-10, 1.4790e-10, 9.9892e-11, 7.2480e-11, 4.6220e-11, 2.9337e-11, 1.9042e-11, 1.1469e-11,        NaN,        NaN,        NaN,        NaN,        NaN
100101,     178.0,  431752.0,4194572.5, 2306.0, 29.9, 0, 0, 0, 0, 0, 0,        NaN,        NaN,        NaN,        NaN,        NaN, 7.0029e-09, 5.3433e-09, 3.6892e-09, 2.3341e-09, 1.4300e-09, 8.8439e-10, 5.5959e-10, 3.6237e-10, 2.3803e-10, 1.4683e-10, 9.9211e-11, 7.1473e-11, 4.4751e-11, 2.9772e-11, 1.9283e-11, 1.1876e-11,        NaN,        NaN,        NaN,        NaN,        NaN
100101,     179.0,  431780.9,4194584.0, 2306.3, 29.9, 0, 0, 0, 0, 0, 0,        NaN,        NaN,        NaN,        NaN,        NaN, 6.9433e-09, 5.2531e-09, 3.6553e-09, 2.3134e-09, 1.4143e-09, 8.7647e-10, 5.5587e-10, 3.5755e-10, 2.4132e-10, 1.4772e-10, 9.6305e-11, 6.9682e-11, 4.4506e-11, 2.9766e-11, 1.9864e-11, 1.1757e-11,        NaN,        NaN,        NaN,        NaN,        NaN
100101,     180.0,  431808.7,4194593.5, 2306.6, 29.8, 0, 0, 0, 0, 0, 0,        NaN,        NaN,        NaN,        NaN,        NaN, 6.8797e-09, 5.1170e-09, 3.6385e-09, 2.3060e-09, 1.4131e-09, 8.7022e-10, 5.6120e-10, 3.5572e-10, 2.3482e-10, 1.4971e-10, 9.7476e-11, 6.7880e-11, 4.3851e-11, 2.9349e-11, 1.8959e-11, 1.1444e-11,        NaN,        NaN,        NaN,        NaN,        NaN
100101,     181.0,  431836.4,4194602.0, 2306.9, 29.8, 0, 0, 0, 0, 0, 0,        NaN,        NaN,        NaN,        NaN,        NaN, 6.8992e-09, 5.1768e-09, 3.6864e-09, 2.3023e-09, 1.4251e-09, 8.6558e-10, 5.6990e-10, 3.6464e-10, 2.3350e-10, 1.5325e-10, 9.7214e-11, 6.6549e-11, 4.1940e-11, 2.8848e-11, 1.8842e-11, 1.2256e-11,        NaN,        NaN,        NaN,        NaN,        NaN
100101,     182.0,  431864.5,4194611.0, 2307.0, 29.7, 0, 0, 0, 0, 0, 0,        NaN,        NaN,        NaN,        NaN,        NaN, 7.0583e-09, 5.3274e-09, 3.7705e-09, 2.3359e-09, 1.4435e-09, 8.9243e-10, 5.6825e-10, 3.6731e-10, 2.3193e-10, 1.5383e-10, 9.7608e-11, 6.6105e-11, 4.2889e-11, 2.8002e-11, 1.8231e-11, 1.1693e-11,        NaN,        NaN,        NaN,        NaN,        NaN
100101,     183.0,  431892.2,4194620.5, 2307.0, 29.4, 0, 0, 0, 0, 0, 0,        NaN,        NaN,        NaN,        NaN,        NaN, 7.3846e-09, 5.5569e-09, 3.8888e-09, 2.4380e-09, 1.4932e-09, 9.1644e-10, 5.8453e-10, 3.7473e-10, 2.3090e-10, 1.5137e-10, 9.5410e-11, 6.3928e-11, 4.2175e-11, 2.7873e-11, 1.8298e-11, 1.2055e-11,        NaN,        NaN,        NaN,        NaN,        NaN
100101,     184.0,  431919.6,4194630.0, 2306.9, 28.9, 0, 0, 0, 0, 0, 0,        NaN,        NaN,        NaN,        NaN,        NaN, 7.7133e-09, 5.7942e-09, 4.0732e-09, 2.5368e-09, 1.5347e-09, 9.4243e-10, 5.9799e-10, 3.7672e-10, 2.3013e-10, 1.5081e-10, 9.6305e-11, 6.2805e-11, 4.0479e-11, 2.6928e-11, 1.6717e-11, 1.1318e-11,        NaN,        NaN,        NaN,        NaN,        NaN
100101,     185.0,  431946.7,4194640.5, 2306.9, 28.3, 0, 0, 0, 0, 0, 0,        NaN,        NaN,        NaN,        NaN,        NaN, 7.9236e-09, 5.8958e-09, 4.1518e-09, 2.5787e-09, 1.5668e-09, 9.6968e-10, 6.0462e-10, 3.7712e-10, 2.3245e-10, 1.4971e-10, 9.4155e-11, 6.0918e-11, 3.9580e-11, 2.6067e-11, 1.6113e-11, 1.0931e-11,        NaN,        NaN,        NaN,        NaN,        NaN
100101,     186.0,  431973.0,4194651.0, 2306.5, 28.6, 0, 0, 0, 0, 0, 0,        NaN,        NaN,        NaN,        NaN,        NaN, 7.9113e-09, 6.0636e-09, 4.1832e-09, 2.5676e-09, 1.5768e-09, 9.4957e-10, 6.0220e-10, 3.7196e-10, 2.3090e-10, 1.4898e-10, 9.1845e-11, 5.7975e-11, 3.8544e-11, 2.5478e-11, 1.5330e-11, 1.0464e-11,        NaN,        NaN,        NaN,        NaN,        NaN
100101,     187.0,  431998.4,4194662.0, 2306.1, 29.8, 0, 0, 0, 0, 0, 0,        NaN,        NaN,        NaN,        NaN,        NaN, 7.5121e-09, 5.6559e-09, 3.9233e-09, 2.5046e-09, 1.4497e-09, 9.2325e-10, 5.7322e-10, 3.5791e-10, 2.2510e-10, 1.4100e-10, 8.8162e-11, 5.4308e-11, 3.9120e-11, 2.4709e-11, 1.5806e-11, 1.0910e-11,        NaN,        NaN,        NaN,        NaN,        NaN
100101,     188.0,  432023.7,4194672.5, 2306.3, 30.8, 0, 0, 0, 0, 0, 0,        NaN,        NaN,        NaN,        NaN,        NaN, 7.1609e-09, 5.4279e-09, 3.7324e-09, 2.4138e-09, 1.4131e-09, 8.7334e-10, 5.4959e-10, 3.4438e-10, 2.1978e-10, 1.3728e-10, 8.4512e-11, 5.5486e-11, 3.7853e-11, 2.4763e-11, 1.6584e-11, 1.0112e-11,        NaN,        NaN,        NaN,        NaN,        NaN
100101,     189.0,  432049.7,4194682.5, 2306.6, 31.5, 0, 0, 0, 0, 0, 0,        NaN,        NaN,        NaN,        NaN,        NaN, 6.6164e-09, 4.9690e-09, 3.4672e-09, 2.2198e-09, 1.3498e-09, 8.2705e-10, 5.3095e-10, 3.3726e-10, 2.1766e-10, 1.4133e-10, 8.4305e-11, 5.3734e-11, 3.6981e-11, 2.3926e-11, 1.6066e-11, 9.9361e-12,        NaN,        NaN,        NaN,        NaN,        NaN
100101,     190.0,  432076.8,4194692.5, 2307.0, 32.0, 0, 0, 0, 0, 0, 0,        NaN,        NaN,        NaN,        NaN,        NaN, 6.1902e-09, 4.7551e-09, 3.3137e-09, 2.1209e-09, 1.2993e-09, 8.0884e-10, 5.0557e-10, 3.3298e-10, 2.1018e-10, 1.3712e-10, 8.1397e-11, 5.5188e-11, 3.6925e-11, 2.4534e-11, 1.7145e-11, 9.5829e-12,        NaN,        NaN,        NaN,        NaN,        NaN
100101,     191.0,  432104.8,4194702.5, 2307.3, 32.4, 0, 0, 0, 0, 0, 0,        NaN,        NaN,        NaN,        NaN,        NaN, 5.9575e-09, 4.6935e-09, 3.2666e-09, 2.0844e-09, 1.2859e-09, 7.8931e-10, 5.1196e-10, 3.2975e-10, 2.0778e-10, 1.3447e-10, 7.9488e-11, 5.4380e-11, 3.6358e-11, 2.4971e-11, 1.7790e-11,        NaN,        NaN,        NaN,        NaN,        NaN,        NaN
100101,     192.0,  432132.5,4194712.5, 2307.2, 32.6, 0, 0, 0, 0, 0, 0,        NaN,        NaN,        NaN,        NaN,        NaN, 6.0269e-09, 4.6333e-09, 3.2689e-09, 2.0970e-09, 1.2890e-09, 7.9730e-10, 5.1149e-10, 3.3331e-10, 2.0208e-10, 1.3311e-10, 7.8561e-11, 5.4599e-11, 3.7308e-11, 2.3561e-11, 1.6705e-11, 8.8577e-12,        NaN,        NaN,        NaN,        NaN,        NaN
100101,     193.0,  432159.2,4194723.0, 2307.2, 32.5, 0, 0, 0, 0, 0, 0,        NaN,        NaN,        NaN,        NaN,        NaN, 6.1537e-09, 4.6680e-09, 3.2971e-09, 2.1177e-09, 1.2859e-09, 8.1716e-10, 5.1800e-10, 3.3726e-10, 2.1195e-10, 1.3586e-10, 8.0433e-11, 5.5039e-11, 3.6747e-11, 2.3026e-11, 1.5935e-11, 8.5210e-12,        NaN,        NaN,        NaN,        NaN,        NaN
100101,     194.0,  432185.7,4194734.0, 2307.6, 32.0, 0, 0, 0, 0, 0, 0,        NaN,        NaN,        NaN,        NaN,        NaN, 6.4647e-09, 4.9201e-09, 3.4039e-09, 2.1569e-09, 1.3236e-09, 8.3424e-10, 5.4598e-10, 3.3760e-10, 2.2002e-10, 1.3074e-10, 8.4202e-11, 5.2617e-11, 3.6467e-11, 2.2354e-11, 1.4661e-11, 8.0076e-12,        NaN,        NaN,        NaN,        NaN,        NaN
100101,     195.0,  432213.4,4194746.0, 2307.3, 31.6, 0, 0, 0, 0, 0, 0,        NaN,        NaN,        NaN,        NaN,        NaN, 6.6853e-09, 5.1022e-09, 3.5245e-09, 2.2146e-09, 1.3542e-09, 8.5492e-10, 5.5482e-10, 3.4542e-10, 2.2290e-10, 1.3839e-10, 8.6412e-11, 5.4020e-11, 3.8544e-11, 2.3007e-11, 1.4991e-11, 7.8442e-12,        NaN,        NaN,        NaN,        NaN,        NaN
100101,     196.0,  432238.0,4194755.5, 2307.1, 31.7, 0, 0, 0, 0, 0, 0,        NaN,        NaN,        NaN,        NaN,        NaN, 6.8894e-09, 5.2531e-09, 3.6301e-09, 2.3153e-09, 1.3734e-09, 8.7569e-10, 5.6825e-10, 3.5536e-10, 2.3013e-10, 1.3920e-10, 9.1135e-11, 5.3031e-11, 3.8466e-11, 2.3161e-11, 1.3560e-11, 8.6568e-12,        NaN,        NaN,        NaN,        NaN,        NaN
100101,     197.0,  432262.7,4194765.0, 2307.3, 31.8, 0, 0, 0, 0, 0, 0,        NaN,        NaN,        NaN,        NaN,        NaN, 6.9730e-09, 5.2185e-09, 3.6750e-09, 2.3115e-09, 1.3988e-09, 8.8041e-10, 5.7322e-10, 3.5681e-10, 2.2885e-10, 1.4577e-10, 9.8404e-11, 5.5637e-11, 3.9492e-11, 2.3608e-11, 1.4275e-11, 8.8658e-12,        NaN,        NaN,        NaN,        NaN,        NaN
100101,     198.0,  432288.4,4194775.0, 2307.8, 32.1, 0, 0, 0, 0, 0, 0,        NaN,        NaN,        NaN,        NaN,        NaN, 6.8123e-09, 5.1692e-09, 3.6080e-09, 2.2894e-09, 1.3906e-09, 8.7726e-10, 5.5534e-10, 3.5718e-10, 2.3142e-10, 1.4559e-10, 9.8538e-11, 5.7814e-11, 3.8737e-11, 2.4353e-11, 1.5239e-11, 8.8075e-12,        NaN,        NaN,        NaN,        NaN,        NaN
100101,     199.0,  432314.7,4194785.5, 2307.9, 32.2, 0, 0, 0, 0, 0, 0,        NaN,        NaN,        NaN,        NaN,        NaN, 6.7038e-09, 5.0116e-09, 3.5009e-09, 2.2146e-09, 1.3654e-09, 8.7334e-10, 5.5167e-10, 3.6013e-10, 2.2885e-10, 1.4971e-10, 9.8270e-11, 5.8056e-11, 3.8580e-11, 2.5687e-11, 1.6069e-11, 9.1088e-12,        NaN,        NaN,        NaN,        NaN,        NaN
100101,     200.0,  432341.9,4194797.0, 2308.0, 32.0, 0, 0, 0, 0, 0, 0,        NaN,        NaN,        NaN,        NaN,        NaN, 6.5577e-09, 4.9270e-09, 3.4290e-09, 2.2025e-09, 1.3609e-09, 8.7256e-10, 5.5272e-10, 3.6013e-10, 2.3455e-10, 1.4989e-10, 9.7872e-11, 6.0569e-11, 3.9442e-11, 2.5953e-11, 1.7604e-11, 1.0185e-11,        NaN,        NaN,        NaN,        NaN,        NaN
100101,     201.0,  432369.5,4194809.0, 2308.0, 31.6, 0, 0, 0, 0, 0, 0,        NaN,        NaN,        NaN,        NaN,        NaN, 6.6945e-09, 4.9620e-09, 3.4672e-09, 2.2180e-09, 1.3745e-09, 8.9000e-10, 5.6227e-10, 3.6013e-10, 2.3885e-10, 1.5137e-10, 9.8005e-11, 6.1536e-11, 3.8111e-11, 2.6419e-11, 1.8228e-11, 1.0423e-11,        NaN,        NaN,        NaN,        NaN,        NaN
100101,     202.0,  432395.6,4194820.5, 2308.0, 31.1, 0, 0, 0, 0, 0, 0,        NaN,        NaN,        NaN,        NaN,        NaN, 6.9285e-09, 5.2185e-09, 3.6053e-09, 2.3246e-09, 1.4336e-09, 9.0141e-10, 5.7100e-10, 3.5939e-10, 2.4215e-10, 1.5193e-10, 9.9211e-11, 6.4023e-11, 3.9517e-11, 2.6219e-11, 1.9066e-11, 1.2015e-11,        NaN,        NaN,        NaN,        NaN,        NaN
100101,     203.0,  432423.2,4194832.0, 2308.4, 30.6, 0, 0, 0, 0, 0, 0,        NaN,        NaN,        NaN,        NaN,        NaN, 7.0939e-09, 5.3712e-09, 3.6978e-09, 2.5152e-09, 1.5626e-09, 9.5317e-10, 6.1951e-10, 3.7792e-10, 2.4554e-10, 1.5694e-10, 1.0459e-10, 6.5865e-11, 4.3191e-11, 2.6913e-11, 2.0816e-11, 1.2324e-11,        NaN,        NaN,        NaN,        NaN,        NaN
100101,     204.0,  432450.9,4194843.0, 2308.7, 29.6, 0, 0, 0, 0, 0, 0,        NaN,        NaN,        NaN,        NaN,        NaN, 7.9668e-09, 6.0734e-09, 4.3391e-09, 2.7483e-09, 1.6877e-09, 1.0111e-09, 6.5256e-10, 3.9636e-10, 2.6052e-10, 1.6651e-10, 1.0669e-10, 6.9062e-11, 4.4705e-11, 2.8017e-11, 2.0417e-11, 1.3166e-11,        NaN,        NaN,        NaN,        NaN,        NaN
100101,     205.0,  432478.1,4194853.5, 2308.5, 29.5, 0, 0, 0, 0, 0, 0,        NaN,        NaN,        NaN,        NaN,        NaN, 8.7734e-09, 6.7981e-09, 4.7242e-09, 2.9290e-09, 1.8213e-09, 1.0587e-09, 6.8118e-10, 4.3296e-10, 2.6630e-10, 1.6850e-10, 1.0808e-10, 7.3474e-11, 4.7916e-11, 2.9310e-11, 2.2241e-11, 1.4455e-11, 8.8914e-12,        NaN,        NaN,        NaN,        NaN
100101,     206.0,  432505.2,4194864.0, 2308.1, 29.5, 0, 0, 0, 0, 0, 0,        NaN,        NaN,        NaN,        NaN,        NaN, 9.1428e-09, 7.0871e-09, 4.8027e-09, 2.9908e-09, 1.8305e-09, 1.0807e-09, 6.8640e-10, 4.3961e-10, 2.7537e-10, 1.7613e-10, 1.1096e-10, 7.6202e-11, 4.8747e-11, 3.1180e-11, 2.2287e-11, 1.4309e-11, 8.7611e-12,        NaN,        NaN,        NaN,        NaN
100101,     207.0,  432532.2,4194873.5, 2308.1, 29.7, 0, 0, 0, 0, 0, 0,        NaN,        NaN,        NaN,        NaN,        NaN, 1.0000e-08, 7.5360e-09, 5.1350e-09, 3.1366e-09, 1.9067e-09, 1.1114e-09, 6.9475e-10, 4.4590e-10, 2.8063e-10, 1.7758e-10, 1.1328e-10, 7.6189e-11, 5.0697e-11, 3.0928e-11, 2.2443e-11, 1.4462e-11, 9.0053e-12,        NaN,        NaN,        NaN,        NaN
100101,     208.0,  432560.2,4194882.5, 2308.4, 29.7, 0, 0, 0, 0, 0, 0,        NaN,        NaN,        NaN,        NaN,        NaN, 1.0906e-08, 8.1456e-09, 5.4907e-09, 3.2946e-09, 2.0117e-09, 1.1611e-09, 7.1195e-10, 4.5343e-10, 2.8063e-10, 1.7565e-10, 1.1379e-10, 7.7088e-11, 5.2072e-11, 3.3012e-11, 2.2251e-11, 1.4558e-11, 8.8675e-12,        NaN,        NaN,        NaN,        NaN
100101,     209.0,  432588.2,4194891.0, 2308.8, 29.5, 0, 0, 0, 0, 0, 0,        NaN,        NaN,        NaN,        NaN,        NaN, 1.1717e-08, 8.7056e-09, 5.8709e-09, 3.5675e-09, 2.0668e-09, 1.2011e-09, 7.2988e-10, 4.5125e-10, 2.8242e-10, 1.7423e-10, 1.1311e-10, 7.7545e-11, 4.9885e-11, 3.3654e-11, 2.1841e-11, 1.3619e-11, 9.2559e-12,        NaN,        NaN,        NaN,        NaN
100101,     210.0,  432616.0,4194899.0, 2309.0, 29.1, 0, 0, 0, 0, 0, 0,        NaN,        NaN,        NaN,        NaN,        NaN, 1.2080e-08, 8.9161e-09, 6.0745e-09, 3.6496e-09, 2.1244e-09, 1.2227e-09, 7.3071e-10, 4.4803e-10, 2.8134e-10, 1.7493e-10, 1.1583e-10, 7.7335e-11, 4.9510e-11, 3.3500e-11, 2.1742e-11, 1.3383e-11, 8.6546e-12,        NaN,        NaN,        NaN,        NaN
100101,     211.0,  432643.2,4194907.0, 2309.0, 28.8, 0, 0, 0, 0, 0, 0,        NaN,        NaN,        NaN,        NaN,        NaN, 1.1659e-08, 8.5034e-09, 5.8833e-09, 3.5484e-09, 2.0690e-09, 1.2173e-09, 7.2905e-10, 4.4013e-10, 2.7331e-10, 1.7213e-10, 1.1311e-10, 7.5345e-11, 4.8377e-11, 3.2669e-11, 2.0674e-11, 1.2976e-11, 8.6546e-12,        NaN,        NaN,        NaN,        NaN
100101,     212.0,  432669.9,4194914.5, 2309.0, 28.6, 0, 0, 0, 0, 0, 0,        NaN,        NaN,        NaN,        NaN,        NaN, 1.1076e-08, 8.0580e-09, 5.5691e-09, 3.3945e-09, 1.9798e-09, 1.1802e-09, 7.1036e-10, 4.3346e-10, 2.6926e-10, 1.6805e-10, 1.1063e-10, 7.3726e-11, 4.8429e-11, 3.1942e-11, 2.1015e-11, 1.2383e-11, 8.3110e-12,        NaN,        NaN,        NaN,        NaN
100101,     213.0,  432696.6,4194922.0, 2309.0, 28.3, 0, 0, 0, 0, 0, 0,        NaN,        NaN,        NaN,        NaN,        NaN, 1.0802e-08, 7.8347e-09, 5.3447e-09, 3.2779e-09, 1.9126e-09, 1.1524e-09, 7.0015e-10, 4.2451e-10, 2.6926e-10, 1.6673e-10, 1.1015e-10, 7.1223e-11, 4.6727e-11, 3.1304e-11, 2.1323e-11, 1.3467e-11, 8.6158e-12,        NaN,        NaN,        NaN,        NaN
100101,     214.0,  432723.3,4194930.0, 2309.0, 27.7, 0, 0, 0, 0, 0, 0,        NaN,        NaN,        NaN,        NaN,        NaN, 1.1033e-08, 8.0659e-09, 5.3712e-09, 3.2812e-09, 1.9126e-09, 1.1437e-09, 7.0483e-10, 4.2500e-10, 2.6761e-10, 1.6939e-10, 1.0887e-10, 7.0434e-11, 4.7244e-11, 3.0430e-11, 2.0258e-11, 1.3451e-11, 8.5323e-12,        NaN,        NaN,        NaN,        NaN
100101,     215.0,  432750.3,4194939.0, 2309.0, 26.8, 0, 0, 0, 0, 0, 0,        NaN,        NaN,        NaN,        NaN,        NaN, 1.1474e-08, 8.3588e-09, 5.5129e-09, 3.3251e-09, 1.9326e-09, 1.1524e-09, 6.9937e-10, 4.2895e-10, 2.7468e-10, 1.7144e-10, 1.0887e-10, 6.9127e-11, 4.6735e-11, 2.9461e-11, 2.0793e-11, 1.2625e-11,        NaN,        NaN,        NaN,        NaN,        NaN
100101,     216.0,  432777.3,4194948.5, 2309.0, 26.5, 0, 0, 0, 0, 0, 0,        NaN,        NaN,        NaN,        NaN,        NaN, 1.1706e-08, 8.4263e-09, 5.5353e-09, 3.3251e-09, 1.8949e-09, 1.1304e-09, 7.0956e-10, 4.3550e-10, 2.7606e-10, 1.7052e-10, 1.1244e-10, 6.9693e-11, 4.6350e-11, 2.8209e-11, 1.9826e-11, 1.2549e-11,        NaN,        NaN,        NaN,        NaN,        NaN
100101,     217.0,  432804.3,4194958.0, 2308.9, 26.7, 0, 0, 0, 0, 0, 0,        NaN,        NaN,        NaN,        NaN,        NaN, 1.1217e-08, 8.0423e-09, 5.3341e-09, 3.0548e-09, 1.7943e-09, 1.0885e-09, 6.8942e-10, 4.3145e-10, 2.7502e-10, 1.7399e-10, 1.1047e-10, 7.0434e-11, 4.6155e-11, 2.7863e-11, 1.9512e-11, 1.2628e-11,        NaN,        NaN,        NaN,        NaN,        NaN
100101,     218.0,  432829.3,4194967.0, 2308.9, 27.8, 0, 0, 0, 0, 0, 0,        NaN,        NaN,        NaN,        NaN,        NaN, 1.0037e-08, 7.1837e-09, 4.8563e-09, 2.7859e-09, 1.6718e-09, 1.0121e-09, 6.4844e-10, 4.1776e-10, 2.6565e-10, 1.7352e-10, 1.0669e-10, 6.8249e-11, 4.5185e-11, 2.8183e-11, 1.9324e-11, 1.3207e-11,        NaN,        NaN,        NaN,        NaN,        NaN
100101,     219.0,  432854.9,4194976.0, 2309.0, 29.2, 0, 0, 0, 0, 0, 0,        NaN,        NaN,        NaN,        NaN,        NaN, 8.5315e-09, 6.2654e-09, 4.2836e-09, 2.5046e-09, 1.5211e-09, 9.3450e-10, 6.1698e-10, 3.9033e-10, 2.5803e-10, 1.6894e-10, 1.0639e-10, 6.8091e-11, 4.4506e-11, 2.8393e-11, 1.7897e-11, 1.3057e-11,        NaN,        NaN,        NaN,        NaN,        NaN
100101,     220.0,  432882.2,4194986.0, 2309.0, 30.2, 0, 0, 0, 0, 0, 0,        NaN,        NaN,        NaN,        NaN,        NaN, 6.7695e-09, 5.4197e-09, 3.7499e-09, 2.3416e-09, 1.4485e-09, 8.9567e-10, 5.9208e-10, 3.7552e-10, 2.3615e-10, 1.5914e-10, 1.0298e-10, 6.5467e-11, 4.1293e-11, 2.7812e-11, 1.7265e-11, 1.2129e-11,        NaN,        NaN,        NaN,        NaN,        NaN
100101,     221.0,  432911.7,4194996.0, 2309.2, 30.3, 0, 0, 0, 0, 0, 0,        NaN,        NaN,        NaN,        NaN,        NaN, 6.4647e-09, 4.7748e-09, 3.4493e-09, 2.1973e-09, 1.3487e-09, 8.4595e-10, 5.4804e-10, 3.5828e-10, 2.2784e-10, 1.5212e-10, 9.8672e-11, 6.3738e-11, 4.0350e-11, 2.6428e-11, 1.7065e-11, 1.1942e-11,        NaN,        NaN,        NaN,        NaN,        NaN
100101,     222.0,  432943.9,4195006.0, 2309.7, 29.4, 0, 0, 0, 0, 0, 0,        NaN,        NaN,        NaN,        NaN,        NaN, 6.6530e-09, 4.8925e-09, 3.3742e-09, 2.1536e-09, 1.3236e-09, 8.2920e-10, 5.3638e-10, 3.4507e-10, 2.2609e-10, 1.4559e-10, 9.3293e-11, 5.9967e-11, 3.7680e-11, 2.5580e-11, 1.6940e-11, 1.2036e-11,        NaN,        NaN,        NaN,        NaN,        NaN
100101,     223.0,  432974.9,4195015.5, 2310.0, 28.9, 0, 0, 0, 0, 0, 0,        NaN,        NaN,        NaN,        NaN,        NaN, 6.7412e-09, 4.9340e-09, 3.4139e-09, 2.1487e-09, 1.3355e-09, 8.3641e-10, 5.1989e-10, 3.4028e-10, 2.2073e-10, 1.3478e-10, 9.2084e-11, 5.7975e-11, 3.7616e-11, 2.3534e-11, 1.7068e-11, 1.1631e-11,        NaN,        NaN,        NaN,        NaN,        NaN
100101,     224.0,  433006.2,4195025.0, 2310.0, 28.0, 0, 0, 0, 0, 0, 0,        NaN,        NaN,        NaN,        NaN,        NaN, 6.7979e-09, 4.9549e-09, 3.4139e-09, 2.1339e-09, 1.3399e-09, 8.3787e-10, 5.2561e-10, 3.3894e-10, 2.1978e-10, 1.3463e-10, 9.2927e-11, 5.7574e-11, 3.6303e-11, 2.3312e-11, 1.6431e-11, 1.0356e-11,        NaN,        NaN,        NaN,        NaN,        NaN
100101,     225.0,  433036.8,4195035.5, 2309.9, 27.8, 0, 0, 0, 0, 0, 0,        NaN,        NaN,        NaN,        NaN,        NaN, 6.7695e-09, 4.9270e-09, 3.3915e-09, 2.0781e-09, 1.3098e-09, 8.2208e-10, 5.1800e-10, 3.3594e-10, 2.1466e-10, 1.2958e-10, 8.7719e-11, 5.6322e-11, 3.7042e-11, 2.3958e-11, 1.5914e-11, 9.2067e-12,        NaN,        NaN,        NaN,        NaN,        NaN
100101,     226.0,  433066.2,4195046.5, 2309.6, 28.3, 0, 0, 0, 0, 0, 0,        NaN,        NaN,        NaN,        NaN,        NaN, 6.4691e-09, 4.7355e-09, 3.2829e-09, 2.0099e-09, 1.2688e-09, 7.6676e-10, 4.9581e-10, 3.2312e-10, 2.0714e-10, 1.2731e-10, 8.2084e-11, 5.3592e-11, 3.5927e-11, 2.4078e-11, 1.5063e-11, 8.9379e-12,        NaN,        NaN,        NaN,        NaN,        NaN
100101,     227.0,  433094.7,4195059.0, 2309.1, 29.7, 0, 0, 0, 0, 0, 0,        NaN,        NaN,        NaN,        NaN,        NaN, 6.1057e-09, 4.4310e-09, 3.0995e-09, 1.9164e-09, 1.2111e-09, 7.0245e-10, 4.7152e-10, 3.1140e-10, 1.9296e-10, 1.2579e-10, 7.6060e-11, 4.9860e-11, 3.4090e-11, 2.2443e-11, 1.4216e-11, 8.8124e-12,        NaN,        NaN,        NaN,        NaN,        NaN
100101,     228.0,  433122.9,4195071.0, 2309.2, 32.1, 0, 0, 0, 0, 0, 0,        NaN,        NaN,        NaN,        NaN,        NaN, 5.5032e-09, 4.0228e-09, 2.7960e-09, 1.7988e-09, 1.0664e-09, 6.5382e-10, 4.3684e-10, 2.9179e-10, 1.8450e-10, 1.1999e-10, 7.2228e-11, 4.6043e-11, 3.2137e-11, 2.2070e-11, 1.4155e-11, 8.4514e-12,        NaN,        NaN,        NaN,        NaN,        NaN
100101,     229.0,  433151.6,4195083.0, 2309.6, 33.9, 0, 0, 0, 0, 0, 0,        NaN,        NaN,        NaN,        NaN,        NaN, 5.0195e-09, 3.6567e-09, 2.5329e-09, 1.6295e-09, 9.8189e-10, 5.9497e-10, 3.8841e-10, 2.7439e-10, 1.7212e-10, 1.1290e-10, 6.5464e-11, 4.2497e-11, 2.9730e-11, 2.0767e-11, 1.2909e-11, 7.5152e-12,        NaN,        NaN,        NaN,        NaN,        NaN
100101,     230.0,  433180.4,4195094.0, 2310.3, 34.9, 0, 0, 0, 0, 0, 0,        NaN,        NaN,        NaN,        NaN,        NaN, 4.4693e-09, 3.3575e-09, 2.3297e-09, 1.4598e-09, 9.2602e-10, 5.6196e-10, 3.7459e-10, 2.5236e-10, 1.6206e-10, 1.0847e-10, 6.5127e-11, 4.0114e-11, 2.9460e-11, 2.1704e-11, 1.2747e-11, 7.9435e-12,        NaN,        NaN,        NaN,        NaN,        NaN
100101,     231.0,  433210.6,4195104.0, 2310.8, 35.2, 0, 0, 0, 0, 0, 0,        NaN,        NaN,        NaN,        NaN,        NaN, 4.2340e-09, 3.1705e-09, 2.2462e-09, 1.4126e-09, 9.1144e-10, 5.5935e-10, 3.6918e-10, 2.3995e-10, 1.5321e-10, 1.0255e-10, 6.5262e-11, 4.0202e-11, 2.6675e-11, 1.8272e-11, 1.2942e-11, 8.3828e-12,        NaN,        NaN,        NaN,        NaN,        NaN
100101,     232.0,  433242.0,4195113.5, 2311.0, 34.5, 0, 0, 0, 0, 0, 0,        NaN,        NaN,        NaN,        NaN,        NaN, 4.1448e-09, 3.1180e-09, 2.2701e-09, 1.4426e-09, 9.1491e-10, 5.6535e-10, 3.7322e-10, 2.4166e-10, 1.5478e-10, 1.0007e-10, 6.6424e-11, 4.1049e-11, 2.7922e-11, 1.7561e-11, 1.2261e-11, 9.0495e-12,        NaN,        NaN,        NaN,        NaN,        NaN
100101,     233.0,  433273.7,4195124.0, 2311.2, 33.1, 0, 0, 0, 0, 0, 0,        NaN,        NaN,        NaN,        NaN,        NaN, 4.4764e-09, 3.2873e-09, 2.3948e-09, 1.5281e-09, 9.5763e-10, 5.8965e-10, 3.8581e-10, 2.4711e-10, 1.4964e-10, 1.0314e-10, 6.8415e-11, 4.2020e-11, 2.9576e-11, 1.7680e-11, 1.2359e-11, 8.8902e-12,        NaN,        NaN,        NaN,        NaN,        NaN
100101,     234.0,  433305.3,4195135.5, 2311.4, 31.7, 0, 0, 0, 0, 0, 0,        NaN,        NaN,        NaN,        NaN,        NaN, 4.8792e-09, 3.7494e-09, 2.5133e-09, 1.5978e-09, 9.9774e-10, 6.2637e-10, 3.9760e-10, 2.6146e-10, 1.5787e-10, 1.0363e-10, 7.2548e-11, 4.2210e-11, 3.1019e-11, 1.6785e-11, 1.1478e-11,        NaN,        NaN,        NaN,        NaN,        NaN,        NaN
100101,     235.0,  433335.8,4195147.5, 2311.7, 31.0, 0, 0, 0, 0, 0, 0,        NaN,        NaN,        NaN,        NaN,        NaN, 5.1908e-09, 3.8508e-09, 2.6191e-09, 1.6731e-09, 1.0300e-09, 6.5141e-10, 4.0873e-10, 2.6431e-10, 1.6336e-10, 1.0544e-10, 7.4689e-11, 4.4185e-11, 3.2315e-11, 1.6984e-11, 1.2054e-11,        NaN,        NaN,        NaN,        NaN,        NaN,        NaN
100101,     236.0,  433365.2,4195160.5, 2311.6, 31.0, 0, 0, 0, 0, 0, 0,        NaN,        NaN,        NaN,        NaN,        NaN, 5.1366e-09, 3.8508e-09, 2.6815e-09, 1.7006e-09, 1.0494e-09, 6.6013e-10, 4.0033e-10, 2.7088e-10, 1.6093e-10, 1.0158e-10, 7.4019e-11, 4.4340e-11, 3.1061e-11, 1.5683e-11, 1.1427e-11,        NaN,        NaN,        NaN,        NaN,        NaN,        NaN
100101,     237.0,  433394.7,4195173.0, 2311.1, 32.1, 0, 0, 0, 0, 0, 0,        NaN,        NaN,        NaN,        NaN,        NaN, 4.8710e-09, 3.6929e-09, 2.5637e-09, 1.6442e-09, 1.0175e-09, 6.4148e-10, 3.9222e-10, 2.6146e-10, 1.6379e-10, 1.0265e-10, 7.5198e-11, 4.4185e-11, 3.1271e-11, 1.6851e-11, 1.0985e-11,        NaN,        NaN,        NaN,        NaN,        NaN,        NaN
100101,     238.0,  433425.6,4195185.5, 2311.1, 33.4, 0, 0, 0, 0, 0, 0,        NaN,        NaN,        NaN,        NaN,        NaN, 4.7116e-09, 3.5839e-09, 2.4776e-09, 1.5565e-09, 1.0045e-09, 6.2413e-10, 3.7187e-10, 2.5073e-10, 1.5217e-10, 1.0101e-10, 6.9899e-11, 4.2787e-11, 2.9769e-11, 1.7443e-11, 1.2131e-11,        NaN,        NaN,        NaN,        NaN,        NaN,        NaN
100101,     239.0,  433453.2,4195196.5, 2311.1, 35.1, 0, 0, 0, 0, 0, 0,        NaN,        NaN,        NaN,        NaN,        NaN, 4.2125e-09, 3.1789e-09, 2.2325e-09, 1.3813e-09, 9.4039e-10, 5.8004e-10, 3.5977e-10, 2.4204e-10, 1.4989e-10, 9.9975e-11, 6.3355e-11, 4.1369e-11, 2.7748e-11, 1.8322e-11, 1.2086e-11, 9.7922e-12,        NaN,        NaN,        NaN,        NaN,        NaN
100101,     240.0,  433481.1,4195206.0, 2311.4, 35.2, 0, 0, 0, 0, 0, 0,        NaN,        NaN,        NaN,        NaN,        NaN, 3.8745e-09, 3.0064e-09, 2.1145e-09, 1.3045e-09, 8.3095e-10, 5.5236e-10, 3.6705e-10, 2.3259e-10, 1.5217e-10, 9.7775e-11, 6.1724e-11, 4.1553e-11, 2.6258e-11, 1.6917e-11, 1.1129e-11, 8.9909e-12,        NaN,        NaN,        NaN,        NaN,        NaN
100101,     241.0,  433512.0,4195216.5, 2311.8, 34.2, 0, 0, 0, 0, 0, 0,        NaN,        NaN,        NaN,        NaN,        NaN, 4.0207e-09, 3.0954e-09, 2.1605e-09, 1.3442e-09, 8.8067e-10, 5.5713e-10, 3.6785e-10, 2.3367e-10, 1.5478e-10, 1.0236e-10, 5.7663e-11, 4.1140e-11, 2.5160e-11, 1.7007e-11, 1.1211e-11, 7.8482e-12,        NaN,        NaN,        NaN,        NaN,        NaN
100101,     242.0,  433544.8,4195228.0, 2312.0, 33.5, 0, 0, 0, 0, 0, 0,        NaN,        NaN,        NaN,        NaN,        NaN, 4.1594e-09, 3.2384e-09, 2.2499e-09, 1.4233e-09, 9.0857e-10, 5.6535e-10, 3.8523e-10, 2.3957e-10, 1.5360e-10, 9.9788e-11, 5.8777e-11, 3.9425e-11, 2.4811e-11, 1.6084e-11, 1.0526e-11, 7.6519e-12,        NaN,        NaN,        NaN,        NaN,        NaN
100101,     243.0,  433578.9,4195240.0, 2312.0, 32.9, 0, 0, 0, 0, 0, 0,        NaN,        NaN,        NaN,        NaN,        NaN, 4.4669e-09, 3.3741e-09, 2.3390e-09, 1.5041e-09, 9.5142e-10, 5.6839e-10, 3.8783e-10, 2.4691e-10, 1.5856e-10, 9.6617e-11, 6.0576e-11, 3.9724e-11, 2.5278e-11, 1.6396e-11, 1.0438e-11, 7.6710e-12,        NaN,        NaN,        NaN,        NaN,        NaN
100101,     244.0,  433611.6,4195253.0, 2312.0, 32.6, 0, 0, 0, 0, 0, 0,        NaN,        NaN,        NaN,        NaN,        NaN, 4.5927e-09, 3.4001e-09, 2.3976e-09, 1.5225e-09, 9.5018e-10, 5.9621e-10, 3.8466e-10, 2.5484e-10, 1.6321e-10, 9.8408e-11, 6.2094e-11, 3.9130e-11, 2.4956e-11, 1.4151e-11, 9.8945e-12,        NaN,        NaN,        NaN,        NaN,        NaN,        NaN
100101,     245.0,  433640.6,4195265.0, 2312.0, 33.0, 0, 0, 0, 0, 0, 0,        NaN,        NaN,        NaN,        NaN,        NaN, 4.6987e-09, 3.3685e-09, 2.3444e-09, 1.5050e-09, 9.4895e-10, 5.9662e-10, 3.8841e-10, 2.5631e-10, 1.6206e-10, 1.0063e-10, 6.1970e-11, 3.9047e-11, 2.5915e-11, 1.3024e-11, 8.2946e-12,        NaN,        NaN,        NaN,        NaN,        NaN,        NaN
100101,     246.0,  433670.4,4195277.5, 2312.1, 33.9, 0, 0, 0, 0, 0, 0,        NaN,        NaN,        NaN,        NaN,        NaN, 4.5122e-09, 3.3870e-09, 2.2867e-09, 1.4960e-09, 9.2484e-10, 5.8163e-10, 3.8466e-10, 2.4811e-10, 1.6206e-10, 9.7775e-11, 6.1115e-11, 3.7473e-11, 2.6449e-11, 1.3347e-11,        NaN,        NaN,        NaN,        NaN,        NaN,        NaN,        NaN
100101,     247.0,  433700.7,4195289.0, 2312.3, 34.7, 0, 0, 0, 0, 0, 0,        NaN,        NaN,        NaN,        NaN,        NaN, 4.2470e-09, 3.1245e-09, 2.2056e-09, 1.4494e-09, 8.8669e-10, 5.6271e-10, 3.7322e-10, 2.4033e-10, 1.5828e-10, 9.6617e-11, 6.1785e-11, 3.5713e-11, 2.6707e-11, 1.3890e-11,        NaN,        NaN,        NaN,        NaN,        NaN,        NaN,        NaN
100101,     248.0,  433731.6,4195299.5, 2312.7, 35.4, 0, 0, 0, 0, 0, 0,        NaN,        NaN,        NaN,        NaN,        NaN, 3.9083e-09, 2.9317e-09, 2.0648e-09, 1.4077e-09, 8.5780e-10, 5.3088e-10, 3.6364e-10, 2.2853e-10, 1.5077e-10, 9.6529e-11, 5.9810e-11, 3.6934e-11, 2.6838e-11, 1.5002e-11,        NaN,        NaN,        NaN,        NaN,        NaN,        NaN,        NaN
100101,     249.0,  433763.4,4195309.0, 2313.0, 35.5, 0, 0, 0, 0, 0, 0,        NaN,        NaN,        NaN,        NaN,        NaN, 3.8430e-09, 2.9792e-09, 2.0594e-09, 1.3805e-09, 8.3941e-10, 5.1396e-10, 3.4928e-10, 2.2697e-10, 1.5002e-10, 9.5309e-11, 6.1479e-11, 3.7164e-11, 2.7303e-11, 1.5261e-11,        NaN,        NaN,        NaN,        NaN,        NaN,        NaN,        NaN
100101,     250.0,  433795.8,4195318.5, 2313.2, 34.8, 0, 0, 0, 0, 0, 0,        NaN,        NaN,        NaN,        NaN,        NaN, 3.9755e-09, 3.1293e-09, 2.0933e-09, 1.3860e-09, 8.3342e-10, 5.3568e-10, 3.5001e-10, 2.3604e-10, 1.5347e-10, 9.5223e-11, 6.0994e-11, 3.6745e-11, 2.6513e-11, 1.6250e-11,        NaN,        NaN,        NaN,        NaN,        NaN,        NaN,        NaN
100101,     251.0,  433827.8,4195327.5, 2313.2, 34.1, 0, 0, 0, 0, 0, 0,        NaN,        NaN,        NaN,        NaN,        NaN, 4.1178e-09, 3.2161e-09, 2.2178e-09, 1.4486e-09, 8.5885e-10, 5.5200e-10, 3.5748e-10, 2.3170e-10, 1.5611e-10, 9.5223e-11, 6.2909e-11, 3.6334e-11, 2.5101e-11, 1.6962e-11,        NaN,        NaN,        NaN,        NaN,        NaN,        NaN,        NaN
100101,     252.0,  433858.8,4195337.5, 2313.1, 34.1, 0, 0, 0, 0, 0, 0,        NaN,        NaN,        NaN,        NaN,        NaN, 4.1510e-09, 3.2418e-09, 2.2251e-09, 1.4667e-09, 8.6620e-10, 5.6916e-10, 3.5521e-10, 2.3331e-10, 1.5321e-10, 9.3526e-11, 6.0516e-11, 3.7630e-11, 2.4898e-11, 1.8272e-11, 1.0615e-11,        NaN,        NaN,        NaN,        NaN,        NaN,        NaN
100101,     253.0,  433889.4,4195348.5, 2313.1, 35.1, 0, 0, 0, 0, 0, 0,        NaN,        NaN,        NaN,        NaN,        NaN, 4.0526e-09, 3.0465e-09, 2.1454e-09, 1.4020e-09, 8.6832e-10, 5.6877e-10, 3.4662e-10, 2.2374e-10, 1.5090e-10, 9.3694e-11, 5.9694e-11, 3.6632e-11, 2.4330e-11, 1.6984e-11, 1.0660e-11,        NaN,        NaN,        NaN,        NaN,        NaN,        NaN
100101,     254.0,  433919.1,4195360.5, 2313.3, 36.7, 0, 0, 0, 0, 0, 0,        NaN,        NaN,        NaN,        NaN,        NaN, 3.8046e-09, 2.8941e-09, 2.0295e-09, 1.3024e-09, 8.1493e-10, 5.1364e-10, 3.3471e-10, 2.1766e-10, 1.4561e-10, 8.8119e-11, 5.6425e-11, 3.5180e-11, 2.4302e-11, 1.6851e-11, 1.0280e-11,        NaN,        NaN,        NaN,        NaN,        NaN,        NaN
100101,     255.0,  433948.8,4195373.0, 2313.9, 38.0, 0, 0, 0, 0, 0, 0,        NaN,        NaN,        NaN,        NaN,        NaN, 3.5761e-09, 2.6544e-09, 1.8887e-09, 1.2178e-09, 7.5951e-10, 4.6825e-10, 3.2648e-10, 2.0441e-10, 1.4051e-10, 8.5106e-11, 5.3492e-11, 3.5858e-11, 2.1930e-11, 1.6418e-11, 1.0555e-11,        NaN,        NaN,        NaN,        NaN,        NaN,        NaN
100101,     256.0,  433978.9,4195384.5, 2314.0, 38.6, 0, 0, 0, 0, 0, 0,        NaN,        NaN,        NaN,        NaN,        NaN, 3.4234e-09, 2.5842e-09, 1.8510e-09, 1.1792e-09, 7.4161e-10, 4.5661e-10, 3.1943e-10, 1.9389e-10, 1.3371e-10, 8.1590e-11, 5.1477e-11, 3.4558e-11, 2.3283e-11, 1.5862e-11, 1.0181e-11,        NaN,        NaN,        NaN,        NaN,        NaN,        NaN
100101,     257.0,  434008.9,4195394.5, 2314.1, 37.0, 0, 0, 0, 0, 0, 0,        NaN,        NaN,        NaN,        NaN,        NaN, 3.3475e-09, 2.5079e-09, 1.7853e-09, 1.2058e-09, 7.4902e-10, 4.7666e-10, 3.2758e-10, 1.9232e-10, 1.3288e-10, 8.5177e-11, 5.4774e-11, 3.4936e-11, 2.4554e-11, 1.5982e-11, 9.2878e-12,        NaN,        NaN,        NaN,        NaN,        NaN,        NaN
100101,     258.0,  434040.3,4195405.0, 2314.5, 36.0, 0, 0, 0, 0, 0, 0,        NaN,        NaN,        NaN,        NaN,        NaN, 3.6323e-09, 2.7176e-09, 1.9973e-09, 1.2945e-09, 8.0640e-10, 5.1461e-10, 3.3676e-10, 2.0240e-10, 1.3580e-10, 8.4963e-11, 5.9061e-11, 3.6632e-11, 2.5190e-11, 1.5112e-11, 9.1108e-12,        NaN,        NaN,        NaN,        NaN,        NaN,        NaN
100101,     259.0,  434072.2,4195415.5, 2314.9, 34.3, 0, 0, 0, 0, 0, 0,        NaN,        NaN,        NaN,        NaN,        NaN, 4.2039e-09, 2.9215e-09, 2.0944e-09, 1.3435e-09, 8.4092e-10, 5.3707e-10, 3.4782e-10, 2.1418e-10, 1.4489e-10, 8.5897e-11, 5.9810e-11, 3.4867e-11, 2.5945e-11, 1.4454e-11, 9.2045e-12,        NaN,        NaN,        NaN,        NaN,        NaN,        NaN
100101,     260.0,  434103.6,4195425.5, 2315.2, 33.0, 0, 0, 0, 0, 0, 0,        NaN,        NaN,        NaN,        NaN,        NaN, 4.6126e-09, 3.3926e-09, 2.2449e-09, 1.4350e-09, 8.7634e-10, 5.5935e-10, 3.6811e-10, 2.2853e-10, 1.5052e-10, 8.6627e-11, 5.9868e-11, 3.4660e-11, 2.5368e-11, 1.5223e-11, 9.7627e-12,        NaN,        NaN,        NaN,        NaN,        NaN,        NaN
100101,     261.0,  434132.3,4195436.5, 2315.7, 32.2, 0, 0, 0, 0, 0, 0,        NaN,        NaN,        NaN,        NaN,        NaN, 4.7350e-09, 3.4095e-09, 2.3948e-09, 1.4861e-09, 9.0743e-10, 5.8362e-10, 3.7349e-10, 2.3349e-10, 1.5128e-10, 9.2124e-11, 6.2281e-11, 3.4901e-11, 2.7887e-11, 1.4750e-11, 1.0585e-11,        NaN,        NaN,        NaN,        NaN,        NaN,        NaN
100101,     262.0,  434160.5,4195448.0, 2315.9, 32.2, 0, 0, 0, 0, 0, 0,        NaN,        NaN,        NaN,        NaN,        NaN, 4.6352e-09, 3.4001e-09, 2.3728e-09, 1.4987e-09, 9.2249e-10, 5.8521e-10, 3.8069e-10, 2.3864e-10, 1.5115e-10, 9.4879e-11, 6.2719e-11, 3.6934e-11, 2.7817e-11, 1.6084e-11,        NaN,        NaN,        NaN,        NaN,        NaN,        NaN,        NaN
100101,     263.0,  434189.6,4195460.5, 2316.0, 32.5, 0, 0, 0, 0, 0, 0,        NaN,        NaN,        NaN,        NaN,        NaN, 4.4883e-09, 3.3338e-09, 2.3139e-09, 1.4563e-09, 9.0972e-10, 5.7069e-10, 3.7957e-10, 2.3277e-10, 1.4754e-10, 9.4708e-11, 6.0279e-11, 3.5427e-11, 2.6970e-11, 1.4786e-11, 9.8282e-12,        NaN,        NaN,        NaN,        NaN,        NaN,        NaN
100101,     264.0,  434219.7,4195474.0, 2316.0, 33.0, 0, 0, 0, 0, 0, 0,        NaN,        NaN,        NaN,        NaN,        NaN, 4.2798e-09, 3.2263e-09, 2.2412e-09, 1.4283e-09, 9.0458e-10, 5.5898e-10, 3.7295e-10, 2.3116e-10, 1.4384e-10, 9.8046e-11, 5.8327e-11, 3.4901e-11, 2.5101e-11, 1.4335e-11, 8.8280e-12,        NaN,        NaN,        NaN,        NaN,        NaN,        NaN
100101,     265.0,  434251.1,4195487.5, 2316.0, 33.6, 0, 0, 0, 0, 0, 0,        NaN,        NaN,        NaN,        NaN,        NaN, 4.1869e-09, 3.1606e-09, 2.1888e-09, 1.3789e-09, 8.8889e-10, 5.4445e-10, 3.5798e-10, 2.2611e-10, 1.4096e-10, 9.3526e-11, 5.6584e-11, 3.5321e-11, 2.2951e-11, 1.4052e-11,        NaN,        NaN,        NaN,        NaN,        NaN,        NaN,        NaN
100101,     266.0,  434280.7,4195499.5, 2316.0, 33.6, 0, 0, 0, 0, 0, 0,        NaN,        NaN,        NaN,        NaN,        NaN, 4.0748e-09, 3.0986e-09, 2.1511e-09, 1.3518e-09, 8.4955e-10, 5.2884e-10, 3.5571e-10, 2.2543e-10, 1.4395e-10, 9.0045e-11, 5.6004e-11, 3.6858e-11, 2.3103e-11, 1.4592e-11,        NaN,        NaN,        NaN,        NaN,        NaN,        NaN,        NaN
100101,     267.0,  434311.5,4195511.5, 2316.0, 32.8, 0, 0, 0, 0, 0, 0,        NaN,        NaN,        NaN,        NaN,        NaN, 4.2189e-09, 3.1991e-09, 2.1912e-09, 1.3773e-09, 8.4041e-10, 5.3811e-10, 3.4831e-10, 2.1895e-10, 1.4466e-10, 8.7368e-11, 5.8383e-11, 3.5534e-11, 2.2750e-11, 1.5644e-11,        NaN,        NaN,        NaN,        NaN,        NaN,        NaN,        NaN
100101,     268.0,  434343.1,4195523.0, 2316.0, 31.5, 0, 0, 0, 0, 0, 0,        NaN,        NaN,        NaN,        NaN,        NaN, 4.4085e-09, 3.2749e-09, 2.2739e-09, 1.4350e-09, 8.7258e-10, 5.5309e-10, 3.4879e-10, 2.2009e-10, 1.4501e-10, 8.7442e-11, 5.7938e-11, 3.7396e-11, 2.2651e-11, 1.4644e-11,        NaN,        NaN,        NaN,        NaN,        NaN,        NaN,        NaN
100101,     269.0,  434375.2,4195534.5, 2316.0, 30.9, 0, 0, 0, 0, 0, 0,        NaN,        NaN,        NaN,        NaN,        NaN, 4.6680e-09, 3.3667e-09, 2.3565e-09, 1.5337e-09, 9.0857e-10, 5.6573e-10, 3.5297e-10, 2.1607e-10, 1.4585e-10, 8.6775e-11, 5.8495e-11, 3.8674e-11, 2.3180e-11, 1.5057e-11,        NaN,        NaN,        NaN,        NaN,        NaN,        NaN,        NaN
100101,     270.0,  434406.9,4195547.0, 2316.1, 31.4, 0, 0, 0, 0, 0, 0,        NaN,        NaN,        NaN,        NaN,        NaN, 4.6808e-09, 3.3266e-09, 2.3578e-09, 1.5151e-09, 8.9166e-10, 5.5639e-10, 3.5272e-10, 2.1831e-10, 1.5077e-10, 9.0360e-11, 5.6637e-11, 3.8510e-11, 2.4054e-11, 1.5299e-11,        NaN,        NaN,        NaN,        NaN,        NaN,        NaN,        NaN
100101,     271.0,  434438.0,4195560.0, 2316.1, 32.8, 0, 0, 0, 0, 0, 0,        NaN,        NaN,        NaN,        NaN,        NaN, 4.5122e-09, 3.2679e-09, 2.2688e-09, 1.4512e-09, 8.5676e-10, 5.4374e-10, 3.5396e-10, 2.1293e-10, 1.4325e-10, 9.2532e-11, 5.4624e-11, 3.7551e-11, 2.3973e-11, 1.4929e-11,        NaN,        NaN,        NaN,        NaN,        NaN,        NaN,        NaN
100101,     272.0,  434468.9,4195573.5, 2316.5, 34.0, 0, 0, 0, 0, 0, 0,        NaN,        NaN,        NaN,        NaN,        NaN, 4.2776e-09, 3.1261e-09, 2.1546e-09, 1.3175e-09, 8.3194e-10, 5.2049e-10, 3.4447e-10, 2.1170e-10, 1.3796e-10, 9.0756e-11, 5.2586e-11, 3.7049e-11, 2.4054e-11, 1.5205e-11,        NaN,        NaN,        NaN,        NaN,        NaN,        NaN,        NaN
100101,     273.0,  434499.2,4195586.5, 2317.0, 34.7, 0, 0, 0, 0, 0, 0,        NaN,        NaN,        NaN,        NaN,        NaN, 4.1034e-09, 3.0049e-09, 2.0338e-09, 1.2798e-09, 8.1973e-10, 5.0884e-10, 3.3745e-10, 2.1512e-10, 1.3217e-10, 8.7893e-11, 5.1523e-11, 3.7827e-11, 2.3103e-11,        NaN,        NaN,        NaN,        NaN,        NaN,        NaN,        NaN,        NaN
100101,     274.0,  434530.2,4195599.0, 2317.1, 35.0, 0, 0, 0, 0, 0, 0,        NaN,        NaN,        NaN,        NaN,        NaN, 3.9911e-09, 2.8517e-09, 1.9821e-09, 1.2826e-09, 8.2118e-10, 4.9397e-10, 3.3403e-10, 2.1928e-10, 1.2696e-10, 8.5608e-11, 4.9973e-11, 3.5427e-11, 2.2651e-11, 1.3684e-11,        NaN,        NaN,        NaN,        NaN,        NaN,        NaN,        NaN
100101,     275.0,  434562.0,4195611.5, 2317.0, 35.9, 0, 0, 0, 0, 0, 0,        NaN,        NaN,        NaN,        NaN,        NaN, 3.8559e-09, 2.6959e-09, 1.9142e-09, 1.2498e-09, 7.9619e-10, 4.8068e-10, 3.2410e-10, 2.1048e-10, 1.1710e-10, 8.3976e-11, 5.2027e-11, 3.5392e-11, 2.1312e-11, 1.3716e-11,        NaN,        NaN,        NaN,        NaN,        NaN,        NaN,        NaN
100101,     276.0,  434595.4,4195623.0, 2317.0, 36.1, 0, 0, 0, 0, 0, 0,        NaN,        NaN,        NaN,        NaN,        NaN, 3.8375e-09, 2.7138e-09, 1.9161e-09, 1.2115e-09, 7.7069e-10, 4.8068e-10, 3.1693e-10, 2.0326e-10, 1.1594e-10, 7.9954e-11, 4.9800e-11, 3.5858e-11, 2.2775e-11, 1.4680e-11,        NaN,        NaN,        NaN,        NaN,        NaN,        NaN,        NaN
100101,     277.0,  434630.2,4195634.0, 2317.3, 36.2, 0, 0, 0, 0, 0, 0,        NaN,        NaN,        NaN,        NaN,        NaN, 3.8210e-09, 2.7254e-09, 1.8962e-09, 1.1902e-09, 7.7026e-10, 4.7752e-10, 3.1548e-10, 2.0542e-10, 1.1963e-10, 8.1857e-11, 4.9586e-11, 3.4971e-11, 2.3439e-11, 1.7373e-11,        NaN,        NaN,        NaN,        NaN,        NaN,        NaN,        NaN
100101,     278.0,  434665.2,4195644.5, 2317.8, 35.6, 0, 0, 0, 0, 0, 0,        NaN,        NaN,        NaN,        NaN,        NaN, 3.8819e-09, 2.7914e-09, 1.9413e-09, 1.2230e-09, 7.6636e-10, 4.8651e-10, 3.1610e-10, 2.0043e-10, 1.2573e-10, 8.4116e-11, 5.0982e-11, 3.2487e-11, 2.4054e-11, 1.6675e-11,        NaN,        NaN,        NaN,        NaN,        NaN,        NaN,        NaN
100101,     279.0,  434699.2,4195654.0, 2318.1, 34.8, 0, 0, 0, 0, 0, 0,        NaN,        NaN,        NaN,        NaN,        NaN, 3.9102e-09, 2.8587e-09, 1.9620e-09, 1.2819e-09, 8.0080e-10, 4.8799e-10, 3.1672e-10, 2.0808e-10, 1.2648e-10, 8.5249e-11, 4.9715e-11, 2.9879e-11,        NaN,        NaN,        NaN,        NaN,        NaN,        NaN,        NaN,        NaN,        NaN
100101,     280.0,  434732.9,4195664.5, 2318.7, 33.7, 0, 0, 0, 0, 0, 0,        NaN,        NaN,        NaN,        NaN,        NaN, 3.9159e-09, 2.9702e-09, 1.9973e-09, 1.2889e-09, 8.1112e-10, 5.0131e-10, 3.2154e-10, 2.1324e-10, 1.3036e-10, 9.0202e-11, 4.8091e-11, 3.0013e-11,        NaN,        NaN,        NaN,        NaN,        NaN,        NaN,        NaN,        NaN,        NaN
100101,     281.0,  434766.6,4195676.0, 2319.0, 33.2, 0, 0, 0, 0, 0, 0,        NaN,        NaN,        NaN,        NaN,        NaN, 3.8857e-09, 2.9762e-09, 2.0232e-09, 1.2791e-09, 8.0080e-10, 5.0757e-10, 3.2475e-10, 2.1262e-10, 1.3076e-10, 8.7667e-11, 4.9121e-11, 2.9960e-11,        NaN,        NaN,        NaN,        NaN,        NaN,        NaN,        NaN,        NaN,        NaN
100101,     282.0,  434796.5,4195687.5, 2319.0, 33.2, 0, 0, 0, 0, 0, 0,        NaN,        NaN,        NaN,        NaN,        NaN, 3.8838e-09, 3.0079e-09, 2.0035e-09, 1.2681e-09, 7.7993e-10, 5.0286e-10, 3.2867e-10, 2.1293e-10, 1.2976e-10, 8.7968e-11, 4.8912e-11, 2.9987e-11,        NaN,        NaN,        NaN,        NaN,        NaN,        NaN,        NaN,        NaN,        NaN
100101,     283.0,  434826.2,4195699.5, 2319.0, 33.3, 0, 0, 0, 0, 0, 0,        NaN,        NaN,        NaN,        NaN,        NaN, 3.8338e-09, 2.9449e-09, 1.9650e-09, 1.2478e-09, 7.7948e-10, 4.9397e-10, 3.2410e-10, 2.1340e-10, 1.2155e-10, 8.5825e-11, 4.6553e-11, 3.3335e-11,        NaN,        NaN,        NaN,        NaN,        NaN,        NaN,        NaN,        NaN,        NaN
100101,     284.0,  434857.6,4195711.0, 2319.0, 33.0, 0, 0, 0, 0, 0, 0,        NaN,        NaN,        NaN,        NaN,        NaN, 3.8320e-09, 2.9274e-09, 1.9209e-09, 1.2458e-09, 7.7948e-10, 4.8681e-10, 3.2955e-10, 2.1170e-10, 1.2361e-10, 8.3628e-11, 4.9544e-11, 3.4490e-11, 2.4247e-11, 1.5355e-11,        NaN,        NaN,        NaN,        NaN,        NaN,        NaN,        NaN
100101,     285.0,  434890.4,4195722.5, 2319.0, 32.1, 0, 0, 0, 0, 0, 0,        NaN,        NaN,        NaN,        NaN,        NaN, 3.8801e-09, 2.8956e-09, 1.9491e-09, 1.2465e-09, 7.9207e-10, 4.9007e-10, 3.2911e-10, 2.0793e-10, 1.2226e-10, 8.0472e-11, 5.1705e-11, 3.1793e-11, 2.4191e-11, 1.5566e-11,        NaN,        NaN,        NaN,        NaN,        NaN,        NaN,        NaN
100101,     286.0,  434924.1,4195733.5, 2319.2, 31.2, 0, 0, 0, 0, 0, 0,        NaN,        NaN,        NaN,        NaN,        NaN, 3.9755e-09, 2.9114e-09, 1.9881e-09, 1.2917e-09, 8.0313e-10, 5.0916e-10, 3.3200e-10, 2.0197e-10, 1.2425e-10, 8.5320e-11, 5.2398e-11, 3.1764e-11, 2.2602e-11, 1.5762e-11,        NaN,        NaN,        NaN,        NaN,        NaN,        NaN,        NaN
100101,     287.0,  434956.5,4195744.0, 2319.6, 30.6, 0, 0, 0, 0, 0, 0,        NaN,        NaN,        NaN,        NaN,        NaN, 4.1302e-09, 2.9807e-09, 2.0977e-09, 1.3088e-09, 8.0687e-10, 5.2181e-10, 3.3022e-10, 2.0719e-10, 1.2648e-10, 8.5106e-11, 5.3251e-11, 3.1124e-11, 2.4109e-11, 1.6187e-11,        NaN,        NaN,        NaN,        NaN,        NaN,        NaN,        NaN
100101,     288.0,  434987.7,4195754.0, 2319.9, 30.0, 0, 0, 0, 0, 0, 0,        NaN,        NaN,        NaN,        NaN,        NaN, 4.2362e-09, 3.0668e-09, 2.1281e-09, 1.3382e-09, 8.2166e-10, 5.3258e-10, 3.2627e-10, 2.1418e-10, 1.3288e-10, 8.4608e-11, 5.4976e-11, 3.2092e-11, 2.4302e-11, 1.4750e-11,        NaN,        NaN,        NaN,        NaN,        NaN,        NaN,        NaN
100101,     289.0,  435019.1,4195765.0, 2320.0, 29.6, 0, 0, 0, 0, 0, 0,        NaN,        NaN,        NaN,        NaN,        NaN, 4.3490e-09, 3.1991e-09, 2.1430e-09, 1.3526e-09, 8.2996e-10, 5.3742e-10, 3.2605e-10, 2.2009e-10, 1.3720e-10, 8.5320e-11, 5.2680e-11, 3.0312e-11, 2.3002e-11, 1.5186e-11,        NaN,        NaN,        NaN,        NaN,        NaN,        NaN,        NaN
100101,     290.0,  435050.6,4195776.0, 2320.0, 29.4, 0, 0, 0, 0, 0, 0,        NaN,        NaN,        NaN,        NaN,        NaN, 4.4038e-09, 3.2349e-09, 2.1157e-09, 1.3330e-09, 8.2555e-10, 5.3811e-10, 3.2133e-10, 2.2543e-10, 1.3807e-10, 8.3420e-11, 5.4028e-11, 3.0013e-11, 2.3413e-11, 1.4680e-11,        NaN,        NaN,        NaN,        NaN,        NaN,        NaN,        NaN
100101,     291.0,  435081.7,4195787.0, 2320.0, 29.3, 0, 0, 0, 0, 0, 0,        NaN,        NaN,        NaN,        NaN,        NaN, 4.4015e-09, 3.3356e-09, 2.1022e-09, 1.3390e-09, 8.2898e-10, 5.3672e-10, 3.2260e-10, 2.2509e-10, 1.3829e-10, 8.0083e-11, 5.2586e-11, 3.1325e-11, 2.2750e-11, 1.4523e-11,        NaN,        NaN,        NaN,        NaN,        NaN,        NaN,        NaN
100101,     292.0,  435112.1,4195798.0, 2320.0, 30.5, 0, 0, 0, 0, 0, 0,        NaN,        NaN,        NaN,        NaN,        NaN, 3.9989e-09, 3.0248e-09, 1.9770e-09, 1.2566e-09, 7.9389e-10, 5.1267e-10, 3.1734e-10, 2.1262e-10, 1.3559e-10, 7.8684e-11, 5.0893e-11, 3.1942e-11, 2.3810e-11, 1.4505e-11,        NaN,        NaN,        NaN,        NaN,        NaN,        NaN,        NaN
100101,     293.0,  435142.6,4195809.0, 2320.0, 32.2, 0, 0, 0, 0, 0, 0,        NaN,        NaN,        NaN,        NaN,        NaN, 3.5908e-09, 2.6507e-09, 1.8438e-09, 1.1810e-09, 7.5110e-10, 4.8010e-10, 3.1303e-10, 2.0778e-10, 1.2801e-10, 7.9697e-11, 4.9332e-11, 3.3271e-11, 2.2024e-11, 1.4732e-11,        NaN,        NaN,        NaN,        NaN,        NaN,        NaN,        NaN
100101,     294.0,  435173.3,4195819.0, 2320.0, 32.5, 0, 0, 0, 0, 0, 0,        NaN,        NaN,        NaN,        NaN,        NaN, 3.6189e-09, 2.6569e-09, 1.8519e-09, 1.1732e-09, 7.3032e-10, 4.6687e-10, 3.0902e-10, 2.0513e-10, 1.2667e-10, 8.0472e-11, 5.0364e-11, 3.2518e-11, 1.9036e-11,        NaN,        NaN,        NaN,        NaN,        NaN,        NaN,        NaN,        NaN
100101,     295.0,  435204.3,4195829.0, 2320.0, 32.4, 0, 0, 0, 0, 0, 0,        NaN,        NaN,        NaN,        NaN,        NaN, 3.6457e-09, 2.6262e-09, 1.8943e-09, 1.1865e-09, 7.5867e-10, 4.7553e-10, 3.1466e-10, 2.0354e-10, 1.2271e-10, 8.4467e-11, 5.3783e-11, 3.3691e-11, 1.8762e-11, 1.3407e-11,        NaN,        NaN,        NaN,        NaN,        NaN,        NaN,        NaN
100101,     296.0,  435237.1,4195839.0, 2320.2, 32.1, 0, 0, 0, 0, 0, 0,        NaN,        NaN,        NaN,        NaN,        NaN, 3.8192e-09, 2.7462e-09, 1.9680e-09, 1.2392e-09, 7.9527e-10, 4.8504e-10, 3.2112e-10, 1.9563e-10, 1.2050e-10, 8.8423e-11, 5.5281e-11, 3.4867e-11, 2.0960e-11, 1.4488e-11,        NaN,        NaN,        NaN,        NaN,        NaN,        NaN,        NaN
100101,     297.0,  435270.5,4195849.0, 2320.6, 32.2, 0, 0, 0, 0, 0, 0,        NaN,        NaN,        NaN,        NaN,        NaN, 4.0506e-09, 2.9215e-09, 2.0691e-09, 1.2889e-09, 8.1732e-10, 4.8710e-10, 3.2867e-10, 1.9848e-10, 1.1972e-10,        NaN,        NaN,        NaN,        NaN,        NaN,        NaN,        NaN,        NaN,        NaN,        NaN,        NaN,        NaN
100101,     298.0,  435303.4,4195859.5, 2320.9, 32.3, 0, 0, 0, 0, 0, 0,        NaN,        NaN,        NaN,        NaN,        NaN, 4.1975e-09, 3.1099e-09, 2.1157e-09, 1.3125e-09, 8.3441e-10, 4.9246e-10, 3.2978e-10, 1.9821e-10, 1.2536e-10, 9.1476e-11, 5.4774e-11, 3.5321e-11, 2.1268e-11, 1.4786e-11,        NaN,        NaN,        NaN,        NaN,        NaN,        NaN,        NaN
100101,     299.0,  435335.7,4195869.5, 2321.0, 32.4, 0, 0, 0, 0, 0, 0,        NaN,        NaN,        NaN,        NaN,        NaN, 4.3310e-09, 3.1490e-09, 2.1000e-09, 1.3002e-09, 8.1636e-10, 4.7723e-10, 3.2475e-10, 1.9603e-10, 1.2262e-10, 9.0045e-11, 5.7553e-11, 3.5075e-11, 2.3945e-11, 1.5261e-11, 8.6547e-12,        NaN,        NaN,        NaN,        NaN,        NaN,        NaN
100101,     300.0,  435365.8,4195879.5, 2321.0, 32.4, 0, 0, 0, 0, 0, 0,        NaN,        NaN,        NaN,        NaN,        NaN, 4.1721e-09, 3.0874e-09, 2.0497e-09, 1.3074e-09, 8.1732e-10, 4.7981e-10, 3.2933e-10, 2.0528e-10, 1.3391e-10, 8.8119e-11, 5.5589e-11, 3.6371e-11, 2.4956e-11, 1.5902e-11, 9.4212e-12,        NaN,        NaN,        NaN,        NaN,        NaN,        NaN
100101,     301.0,  435395.8,4195891.0, 2321.0, 32.0, 0, 0, 0, 0, 0, 0,        NaN,        NaN,        NaN,        NaN,        NaN, 4.0286e-09, 3.1277e-09, 2.1247e-09, 1.3420e-09, 8.2898e-10, 4.9609e-10, 3.3745e-10, 2.0988e-10, 1.3785e-10, 8.8958e-11, 5.3395e-11, 3.6297e-11,        NaN,        NaN,        NaN,        NaN,        NaN,        NaN,        NaN,        NaN,        NaN
100101,     302.0,  435426.3,4195904.5, 2321.1, 30.4, 0, 0, 0, 0, 0, 0,        NaN,        NaN,        NaN,        NaN,        NaN, 4.3287e-09, 3.4114e-09, 2.2399e-09, 1.4167e-09, 8.5108e-10, 5.1721e-10, 3.5875e-10, 2.2058e-10, 1.4549e-10, 8.6996e-11, 5.5230e-11, 3.7630e-11, 2.4611e-11, 1.6481e-11, 1.0615e-11,        NaN,        NaN,        NaN,        NaN,        NaN,        NaN
100101,     303.0,  435454.7,4195918.0, 2321.2, 28.4, 0, 0, 0, 0, 0, 0,        NaN,        NaN,        NaN,        NaN,        NaN, 5.1069e-09, 3.8485e-09, 2.5498e-09, 1.5243e-09, 9.1839e-10, 5.6839e-10, 3.7623e-10, 2.3604e-10, 1.5295e-10, 9.4708e-11, 5.6372e-11, 3.6858e-11, 2.4725e-11, 1.5982e-11, 1.0112e-11,        NaN,        NaN,        NaN,        NaN,        NaN,        NaN
100101,     304.0,  435481.8,4195931.5, 2322.0, 26.8, 0, 0, 0, 0, 0, 0,        NaN,        NaN,        NaN,        NaN,        NaN, 5.5200e-09, 4.0228e-09, 2.6682e-09, 1.6223e-09, 9.6266e-10, 6.0457e-10, 3.8957e-10, 2.4652e-10, 1.5478e-10, 9.3193e-11, 6.1297e-11, 3.8963e-11, 2.4526e-11, 1.6187e-11, 1.0875e-11,        NaN,        NaN,        NaN,        NaN,        NaN,        NaN
100101,     305.0,  435509.4,4195945.5, 2322.5, 26.3, 0, 0, 0, 0, 0, 0,        NaN,        NaN,        NaN,        NaN,        NaN, 5.6190e-09, 4.0302e-09, 2.7343e-09, 1.7028e-09, 9.9108e-10, 6.2637e-10, 3.9639e-10, 2.4495e-10, 1.5706e-10, 9.5051e-11, 6.0516e-11, 4.0202e-11, 2.3945e-11, 1.6354e-11, 9.9480e-12,        NaN,        NaN,        NaN,        NaN,        NaN,        NaN
100101,     306.0,  435538.1,4195959.0, 2322.8, 26.8, 0, 0, 0, 0, 0, 0,        NaN,        NaN,        NaN,        NaN,        NaN, 5.4435e-09, 3.8950e-09, 2.6386e-09, 1.6559e-09, 9.9108e-10, 6.2324e-10, 3.9281e-10, 2.4033e-10, 1.6009e-10, 9.0281e-11, 6.5329e-11, 4.0733e-11, 2.4302e-11, 1.5186e-11, 8.9057e-12,        NaN,        NaN,        NaN,        NaN,        NaN,        NaN
100101,     307.0,  435568.2,4195972.5, 2322.3, 28.2, 0, 0, 0, 0, 0, 0,        NaN,        NaN,        NaN,        NaN,        NaN, 5.0599e-09, 3.6822e-09, 2.4791e-09, 1.5770e-09, 9.3737e-10, 5.9995e-10, 3.7459e-10, 2.3188e-10, 1.5478e-10, 9.1961e-11, 6.4859e-11, 3.8922e-11, 2.3571e-11, 1.5317e-11, 8.4663e-12,        NaN,        NaN,        NaN,        NaN,        NaN,        NaN
100101,     308.0,  435599.4,4195986.0, 2321.7, 29.9, 0, 0, 0, 0, 0, 0,        NaN,        NaN,        NaN,        NaN,        NaN, 4.7065e-09, 3.3704e-09, 2.2918e-09, 1.4494e-09, 9.0231e-10, 5.7223e-10, 3.6758e-10, 2.2374e-10, 1.5425e-10, 8.6701e-11, 6.5668e-11, 3.8839e-11, 2.5072e-11, 1.5223e-11, 9.0761e-12,        NaN,        NaN,        NaN,        NaN,        NaN,        NaN
100101,     309.0,  435629.1,4195998.0, 2322.0, 30.5, 0, 0, 0, 0, 0, 0,        NaN,        NaN,        NaN,        NaN,        NaN, 4.4622e-09, 3.1789e-09, 2.2032e-09, 1.3940e-09, 8.5521e-10, 5.3054e-10, 3.5247e-10, 2.1262e-10, 1.4902e-10, 8.7517e-11, 5.8383e-11, 3.6186e-11, 2.5368e-11, 1.5624e-11, 9.5328e-12,        NaN,        NaN,        NaN,        NaN,        NaN,        NaN
100101,     310.0,  435660.5,4196011.0, 2322.2, 32.3, 0, 0, 0, 0, 0, 0,        NaN,        NaN,        NaN,        NaN,        NaN, 4.0728e-09, 2.8799e-09, 2.0348e-09, 1.2647e-09, 8.3243e-10, 5.1428e-10, 3.3178e-10, 2.0808e-10, 1.4633e-10, 8.5392e-11, 5.8439e-11, 3.2704e-11, 2.3757e-11, 1.5112e-11, 1.0181e-11,        NaN,        NaN,        NaN,        NaN,        NaN,        NaN
100101,     311.0,  435692.4,4196024.0, 2322.9, 32.9, 0, 0, 0, 0, 0, 0,        NaN,        NaN,        NaN,        NaN,        NaN, 3.7475e-09, 2.8503e-09, 1.9640e-09, 1.2478e-09, 8.0687e-10, 5.0224e-10, 3.3022e-10, 2.0793e-10, 1.4051e-10, 8.6848e-11, 5.7227e-11, 3.1441e-11, 2.2926e-11, 1.3955e-11, 8.9845e-12,        NaN,        NaN,        NaN,        NaN,        NaN,        NaN
100101,     312.0,  435724.7,4196037.5, 2323.0, 33.0, 0, 0, 0, 0, 0, 0,        NaN,        NaN,        NaN,        NaN,        NaN, 3.7581e-09, 2.9013e-09, 1.9953e-09, 1.2519e-09, 7.9344e-10, 5.0568e-10, 3.2497e-10, 2.1232e-10, 1.3644e-10, 8.8271e-11, 5.6478e-11, 3.3080e-11, 2.3597e-11, 1.3684e-11, 9.4582e-12,        NaN,        NaN,        NaN,        NaN,        NaN,        NaN
100101,     313.0,  435757.4,4196050.0, 2323.1, 32.8, 0, 0, 0, 0, 0, 0,        NaN,        NaN,        NaN,        NaN,        NaN, 3.9541e-09, 2.9274e-09, 2.0412e-09, 1.2840e-09, 8.0453e-10, 5.2148e-10, 3.2823e-10, 2.1766e-10, 1.3288e-10, 8.8958e-11, 5.7883e-11, 3.3561e-11, 2.4082e-11, 1.4352e-11, 1.0223e-11,        NaN,        NaN,        NaN,        NaN,        NaN,        NaN
100101,     314.0,  435790.7,4196062.5, 2323.1, 32.3, 0, 0, 0, 0, 0, 0,        NaN,        NaN,        NaN,        NaN,        NaN, 4.2189e-09, 3.0732e-09, 2.0933e-09, 1.3241e-09, 8.1159e-10, 5.3986e-10, 3.4494e-10, 2.2543e-10, 1.3360e-10, 8.8804e-11, 5.9232e-11, 3.2274e-11, 2.3129e-11, 1.4267e-11, 9.4335e-12,        NaN,        NaN,        NaN,        NaN,        NaN,        NaN
100101,     315.0,  435825.1,4196074.0, 2323.6, 31.5, 0, 0, 0, 0, 0, 0,        NaN,        NaN,        NaN,        NaN,        NaN, 4.4061e-09, 3.2435e-09, 2.1734e-09, 1.3765e-09, 8.3392e-10, 5.5972e-10, 3.5697e-10, 2.2475e-10, 1.3763e-10, 8.9732e-11, 5.7828e-11, 3.3399e-11, 2.4498e-11, 1.4697e-11, 9.1108e-12,        NaN,        NaN,        NaN,        NaN,        NaN,        NaN
100101,     316.0,  435859.5,4196084.0, 2324.3, 30.7, 0, 0, 0, 0, 0, 0,        NaN,        NaN,        NaN,        NaN,        NaN, 4.5364e-09, 3.3393e-09, 2.2867e-09, 1.4292e-09, 8.6567e-10, 5.6992e-10, 3.7268e-10, 2.2577e-10, 1.4198e-10, 9.3276e-11, 5.9232e-11, 3.5251e-11, 2.6417e-11, 1.4839e-11, 9.2281e-12,        NaN,        NaN,        NaN,        NaN,        NaN,        NaN
100101,     317.0,  435895.1,4196093.0, 2324.8, 30.4, 0, 0, 0, 0, 0, 0,        NaN,        NaN,        NaN,        NaN,        NaN, 4.5755e-09, 3.3722e-09, 2.3126e-09, 1.4469e-09, 8.8285e-10, 5.6234e-10, 3.7459e-10, 2.2026e-10, 1.4198e-10, 8.8881e-11, 5.6425e-11, 3.5641e-11, 2.7003e-11, 1.5149e-11, 1.0002e-11,        NaN,        NaN,        NaN,        NaN,        NaN,        NaN
100101,     318.0,  435931.2,4196101.5, 2324.8, 30.8, 0, 0, 0, 0, 0, 0,        NaN,        NaN,        NaN,        NaN,        NaN, 4.5779e-09, 3.3630e-09, 2.2815e-09, 1.4546e-09, 8.8559e-10, 5.5565e-10, 3.6971e-10, 2.1512e-10, 1.4062e-10, 8.7442e-11, 5.6266e-11, 3.7010e-11, 2.7679e-11,        NaN,        NaN,        NaN,        NaN,        NaN,        NaN,        NaN,        NaN
100101,     319.0,  435967.3,4196110.5, 2324.6, 31.4, 0, 0, 0, 0, 0, 0,        NaN,        NaN,        NaN,        NaN,        NaN, 4.3992e-09, 3.2979e-09, 2.2020e-09, 1.4069e-09, 8.7258e-10, 5.5091e-10, 3.4470e-10, 2.1155e-10, 1.3350e-10, 8.6261e-11, 5.4624e-11, 3.6745e-11, 2.7473e-11,        NaN,        NaN,        NaN,        NaN,        NaN,        NaN,        NaN,        NaN
100101,     320.0,  436003.2,4196119.5, 2324.1, 32.6, 0, 0, 0, 0, 0, 0,        NaN,        NaN,        NaN,        NaN,        NaN, 4.2645e-09, 3.2418e-09, 2.1281e-09, 1.3602e-09, 8.3293e-10, 5.3638e-10, 3.3380e-10, 2.0426e-10, 1.3196e-10, 8.6188e-11, 5.3347e-11, 3.8307e-11, 2.6707e-11,        NaN,        NaN,        NaN,        NaN,        NaN,        NaN,        NaN,        NaN
100101,     321.0,  436038.0,4196129.5, 2324.6, 34.0, 0, 0, 0, 0, 0, 0,        NaN,        NaN,        NaN,        NaN,        NaN, 4.0246e-09, 3.0064e-09, 2.0056e-09, 1.2805e-09, 7.9435e-10, 5.1983e-10, 3.2197e-10, 1.9807e-10, 1.2343e-10, 8.5536e-11, 4.9459e-11, 3.6972e-11, 2.4956e-11,        NaN,        NaN,        NaN,        NaN,        NaN,        NaN,        NaN,        NaN
100101,     322.0,  436072.5,4196140.5, 2324.9, 34.6, 0, 0, 0, 0, 0, 0,        NaN,        NaN,        NaN,        NaN,        NaN, 3.7723e-09, 2.7633e-09, 1.8981e-09, 1.2146e-09, 7.4489e-10, 4.7411e-10, 3.0606e-10, 1.9603e-10, 1.1878e-10, 8.4256e-11, 5.0189e-11, 3.3724e-11, 2.4696e-11, 1.4151e-11, 8.5283e-12,        NaN,        NaN,        NaN,        NaN,        NaN,        NaN
100101,     323.0,  436107.6,4196152.0, 2325.0, 35.3, 0, 0, 0, 0, 0, 0,        NaN,        NaN,        NaN,        NaN,        NaN, 3.4944e-09, 2.5215e-09, 1.7298e-09, 1.1589e-09, 6.9998e-10, 4.5266e-10, 2.9488e-10, 1.9232e-10, 1.1449e-10, 8.2735e-11, 4.9843e-11, 3.0755e-11, 2.2901e-11, 1.2140e-11,        NaN,        NaN,        NaN,        NaN,        NaN,        NaN,        NaN
100101,     324.0,  436143.4,4196164.0, 2325.0, 36.6, 0, 0, 0, 0, 0, 0,        NaN,        NaN,        NaN,        NaN,        NaN, 3.2338e-09, 2.3982e-09, 1.6344e-09, 1.0938e-09, 6.5209e-10, 4.2941e-10, 2.7012e-10, 1.8413e-10, 1.1554e-10, 7.9506e-11, 4.7213e-11, 2.9172e-11, 2.1047e-11, 1.2102e-11,        NaN,        NaN,        NaN,        NaN,        NaN,        NaN,        NaN
100101,     325.0,  436176.2,4196175.0, 2325.4, 37.3, 0, 0, 0, 0, 0, 0,        NaN,        NaN,        NaN,        NaN,        NaN, 3.0473e-09, 2.3469e-09, 1.5691e-09, 1.0499e-09, 6.2292e-10, 4.1409e-10, 2.6435e-10, 1.7799e-10, 1.1098e-10, 7.4380e-11, 4.8912e-11, 2.6341e-11, 2.0938e-11, 1.2192e-11,        NaN,        NaN,        NaN,        NaN,        NaN,        NaN,        NaN
100101,     326.0,  436209.1,4196187.0, 2325.9, 37.5, 0, 0, 0, 0, 0, 0,        NaN,        NaN,        NaN,        NaN,        NaN, 2.9010e-09, 2.2060e-09, 1.5691e-09, 9.8453e-10, 6.1268e-10, 4.0093e-10, 2.6268e-10, 1.7606e-10, 1.1306e-10, 7.1243e-11, 4.6978e-11, 2.4660e-11,        NaN,        NaN,        NaN,        NaN,        NaN,        NaN,        NaN,        NaN,        NaN
100101,     327.0,  436243.2,4196199.5, 2326.6, 37.6, 0, 0, 0, 0, 0, 0,        NaN,        NaN,        NaN,        NaN,        NaN, 2.8211e-09, 2.0421e-09, 1.4959e-09, 9.1606e-10, 5.9190e-10, 3.8089e-10, 2.4754e-10, 1.6285e-10, 1.0729e-10, 6.8669e-11, 4.5499e-11, 2.5093e-11, 2.0222e-11, 1.2853e-11,        NaN,        NaN,        NaN,        NaN,        NaN,        NaN,        NaN
100101,     328.0,  436277.6,4196212.5, 2327.0, 39.0, 0, 0, 0, 0, 0, 0,        NaN,        NaN,        NaN,        NaN,        NaN, 2.3352e-09, 1.9047e-09, 1.3777e-09, 8.3228e-10, 5.5902e-10, 3.7643e-10, 2.5242e-10, 1.5588e-10, 1.0552e-10, 6.7246e-11, 4.3132e-11, 2.2619e-11, 1.7729e-11, 1.1061e-11,        NaN,        NaN,        NaN,        NaN,        NaN,        NaN,        NaN
100101,     329.0,  436312.2,4196225.5, 2327.4, 39.3, 0, 0, 0, 0, 0, 0,        NaN,        NaN,        NaN,        NaN,        NaN, 2.3098e-09, 1.7693e-09, 1.2708e-09, 7.8388e-10, 5.3996e-10, 3.4283e-10, 2.3293e-10, 1.4711e-10, 9.9533e-11, 6.5825e-11, 4.4627e-11,        NaN,        NaN,        NaN,        NaN,        NaN,        NaN,        NaN,        NaN,        NaN,        NaN
100101,     330.0,  436344.5,4196237.5, 2327.9, 39.7, 0, 0, 0, 0, 0, 0,        NaN,        NaN,        NaN,        NaN,        NaN, 2.1496e-09, 1.7064e-09, 1.1852e-09, 7.9727e-10, 5.2954e-10, 3.4432e-10, 2.2592e-10, 1.4670e-10, 1.0094e-10, 6.5408e-11, 4.1151e-11, 2.1491e-11, 1.6433e-11,        NaN,        NaN,        NaN,        NaN,        NaN,        NaN,        NaN,        NaN
100101,     331.0,  436375.9,4196249.5, 2328.0, 39.6, 0, 0, 0, 0, 0, 0,        NaN,        NaN,        NaN,        NaN,        NaN, 2.1510e-09, 1.6969e-09, 1.1943e-09, 8.0555e-10, 5.2377e-10, 3.4432e-10, 2.2545e-10, 1.4185e-10, 1.0722e-10, 6.6577e-11, 4.1655e-11, 2.2737e-11, 1.6938e-11,        NaN,        NaN,        NaN,        NaN,        NaN,        NaN,        NaN,        NaN
100101,     332.0,  436407.0,4196261.0, 2328.2, 39.3, 0, 0, 0, 0, 0, 0,        NaN,        NaN,        NaN,        NaN,        NaN, 2.2280e-09, 1.7141e-09, 1.2070e-09, 8.2288e-10, 5.2815e-10, 3.3780e-10, 2.2347e-10, 1.4440e-10, 1.0107e-10, 6.4724e-11, 4.3099e-11, 2.3866e-11, 1.6697e-11,        NaN,        NaN,        NaN,        NaN,        NaN,        NaN,        NaN,        NaN
100101,     333.0,  436437.7,4196272.0, 2328.8, 38.8, 0, 0, 0, 0, 0, 0,        NaN,        NaN,        NaN,        NaN,        NaN, 2.3217e-09, 1.8190e-09, 1.2708e-09, 8.1758e-10, 5.4725e-10, 3.5432e-10, 2.2580e-10, 1.5078e-10, 1.0566e-10, 6.1849e-11, 3.8352e-11, 2.6581e-11, 1.5353e-11,        NaN,        NaN,        NaN,        NaN,        NaN,        NaN,        NaN,        NaN
100101,     334.0,  436467.4,4196283.5, 2328.8, 38.4, 0, 0, 0, 0, 0, 0,        NaN,        NaN,        NaN,        NaN,        NaN, 2.4043e-09, 1.7693e-09, 1.2737e-09, 8.1594e-10, 5.4898e-10, 3.6776e-10, 2.3940e-10, 1.5352e-10, 1.0462e-10, 6.6672e-11, 3.7161e-11, 2.9327e-11, 1.6433e-11,        NaN,        NaN,        NaN,        NaN,        NaN,        NaN,        NaN,        NaN
100101,     335.0,  436495.6,4196294.5, 2328.6, 37.9, 0, 0, 0, 0, 0, 0,        NaN,        NaN,        NaN,        NaN,        NaN, 2.4548e-09, 1.8573e-09, 1.3114e-09, 8.5910e-10, 5.5171e-10, 3.8604e-10, 2.4228e-10, 1.5113e-10, 1.0448e-10, 6.5501e-11, 3.7857e-11, 2.9198e-11, 1.9092e-11,        NaN,        NaN,        NaN,        NaN,        NaN,        NaN,        NaN,        NaN
100101,     336.0,  436523.0,4196305.5, 2328.4, 37.1, 0, 0, 0, 0, 0, 0,        NaN,        NaN,        NaN,        NaN,        NaN, 2.5400e-09, 1.8356e-09, 1.3420e-09, 8.9155e-10, 5.6546e-10, 3.9008e-10, 2.4577e-10, 1.6128e-10, 1.0292e-10, 6.3830e-11, 3.7293e-11,        NaN,        NaN,        NaN,        NaN,        NaN,        NaN,        NaN,        NaN,        NaN,        NaN
100101,     337.0,  436549.5,4196315.5, 2328.2, 35.4, 0, 0, 0, 0, 0, 0,        NaN,        NaN,        NaN,        NaN,        NaN, 2.6342e-09, 1.9520e-09, 1.3955e-09, 9.5223e-10, 5.8250e-10, 4.0243e-10, 2.6012e-10, 1.6445e-10, 1.1159e-10, 6.6482e-11, 3.8914e-11,        NaN,        NaN,        NaN,        NaN,        NaN,        NaN,        NaN,        NaN,        NaN,        NaN
100101,     338.0,  436576.4,4196325.5, 2329.1, 33.4, 0, 0, 0, 0, 0, 0,        NaN,        NaN,        NaN,        NaN,        NaN, 2.6982e-09, 2.0199e-09, 1.4521e-09, 9.5181e-10, 5.9813e-10, 3.9796e-10, 2.6807e-10, 1.6793e-10, 1.0665e-10, 6.9578e-11, 4.3748e-11, 2.8369e-11, 2.0639e-11, 1.2038e-11, 9.3239e-12,        NaN,        NaN,        NaN,        NaN,        NaN,        NaN
100101,     339.0,  436605.2,4196335.5, 2329.8, 32.6, 0, 0, 0, 0, 0, 0,        NaN,        NaN,        NaN,        NaN,        NaN, 2.7992e-09, 2.1343e-09, 1.5074e-09, 1.0009e-09, 6.2018e-10, 3.9691e-10, 2.8681e-10, 1.7628e-10, 1.0837e-10, 7.0039e-11, 4.5834e-11, 2.8917e-11, 2.1930e-11, 1.1913e-11, 9.1224e-12,        NaN,        NaN,        NaN,        NaN,        NaN,        NaN
100101,     340.0,  436634.3,4196346.0, 2329.9, 33.5, 0, 0, 0, 0, 0, 0,        NaN,        NaN,        NaN,        NaN,        NaN, 2.9323e-09, 2.1870e-09, 1.5822e-09, 1.0088e-09, 6.1897e-10, 4.0029e-10, 2.8804e-10, 1.7673e-10, 1.0448e-10, 7.0506e-11, 4.6553e-11, 2.9044e-11, 2.1906e-11, 1.3317e-11, 8.4663e-12,        NaN,        NaN,        NaN,        NaN,        NaN,        NaN
100101,     341.0,  436663.0,4196356.0, 2329.9, 34.2, 0, 0, 0, 0, 0, 0,        NaN,        NaN,        NaN,        NaN,        NaN, 2.9762e-09, 2.1473e-09, 1.5328e-09, 9.9815e-10, 6.1927e-10, 3.9817e-10, 2.8248e-10, 1.7685e-10, 1.0252e-10, 7.5070e-11, 4.7292e-11, 2.8369e-11, 2.0723e-11, 1.3154e-11, 8.7406e-12,        NaN,        NaN,        NaN,        NaN,        NaN,        NaN
100101,     342.0,  436690.8,4196366.5, 2329.7, 34.3, 0, 0, 0, 0, 0, 0,        NaN,        NaN,        NaN,        NaN,        NaN, 2.8047e-09, 2.1096e-09, 1.5074e-09, 9.6990e-10, 6.1209e-10, 4.0114e-10, 2.7627e-10, 1.6940e-10, 1.0272e-10, 7.4954e-11, 4.7410e-11, 2.8126e-11, 2.0429e-11, 1.3169e-11, 7.7149e-12,        NaN,        NaN,        NaN,        NaN,        NaN,        NaN
100101,     343.0,  436717.3,4196376.0, 2329.6, 34.4, 0, 0, 0, 0, 0, 0,        NaN,        NaN,        NaN,        NaN,        NaN, 2.7064e-09, 2.0286e-09, 1.4324e-09, 9.4005e-10, 5.9529e-10, 4.0502e-10, 2.6917e-10, 1.6345e-10, 1.0279e-10, 7.5536e-11, 4.7929e-11,        NaN,        NaN,        NaN,        NaN,        NaN,        NaN,        NaN,        NaN,        NaN,        NaN
100101,     344.0,  436745.1,4196386.5, 2329.7, 34.5, 0, 0, 0, 0, 0, 0,        NaN,        NaN,        NaN,        NaN,        NaN, 2.6421e-09, 1.9981e-09, 1.4006e-09, 9.2086e-10, 5.9898e-10, 4.0372e-10, 2.7204e-10, 1.6772e-10, 1.1489e-10, 7.7265e-11, 4.9247e-11, 2.7416e-11, 1.9092e-11,        NaN,        NaN,        NaN,        NaN,        NaN,        NaN,        NaN,        NaN
100101,     345.0,  436775.1,4196397.5, 2330.3, 33.7, 0, 0, 0, 0, 0, 0,        NaN,        NaN,        NaN,        NaN,        NaN, 2.6371e-09, 1.9974e-09, 1.4260e-09, 9.3180e-10, 6.2721e-10, 4.0480e-10, 2.6651e-10, 1.6908e-10, 1.1989e-10, 7.5419e-11, 5.0059e-11, 2.7255e-11,        NaN,        NaN, 6.3390e-12,        NaN,        NaN,        NaN,        NaN,        NaN,        NaN
100101,     346.0,  436802.9,4196408.0, 2330.9, 33.1, 0, 0, 0, 0, 0, 0,        NaN,        NaN,        NaN,        NaN,        NaN, 2.7511e-09, 2.0270e-09, 1.4503e-09, 9.9631e-10, 6.4009e-10, 4.0502e-10, 2.6713e-10, 1.7776e-10, 1.1668e-10, 7.3757e-11, 5.0982e-11, 2.8867e-11, 1.7030e-11,        NaN,        NaN,        NaN,        NaN,        NaN,        NaN,        NaN,        NaN
100101,     347.0,  436830.1,4196418.5, 2331.0, 33.3, 0, 0, 0, 0, 0, 0,        NaN,        NaN,        NaN,        NaN,        NaN, 2.7585e-09, 2.0502e-09, 1.4306e-09, 9.8006e-10, 6.5706e-10, 4.0114e-10, 2.5703e-10, 1.8304e-10, 1.1726e-10, 7.5360e-11, 5.0716e-11, 2.9535e-11, 1.6892e-11, 9.2452e-12,        NaN,        NaN,        NaN,        NaN,        NaN,        NaN,        NaN
100101,     348.0,  436857.6,4196430.0, 2331.0, 33.9, 0, 0, 0, 0, 0, 0,        NaN,        NaN,        NaN,        NaN,        NaN, 2.6921e-09, 1.9662e-09, 1.3738e-09, 9.6208e-10, 6.3596e-10, 3.9234e-10, 2.5471e-10, 1.7765e-10, 1.1570e-10, 7.6601e-11, 4.8131e-11, 2.7957e-11, 1.6892e-11,        NaN,        NaN,        NaN,        NaN,        NaN,        NaN,        NaN,        NaN
100101,     349.0,  436885.9,4196441.0, 2330.9, 34.8, 0, 0, 0, 0, 0, 0,        NaN,        NaN,        NaN,        NaN,        NaN, 2.5955e-09, 1.9154e-09, 1.3331e-09, 9.1766e-10, 6.0708e-10, 3.8168e-10, 2.5732e-10, 1.7371e-10, 1.0940e-10, 7.5653e-11, 4.6059e-11, 2.9198e-11, 1.6520e-11,        NaN,        NaN,        NaN,        NaN,        NaN,        NaN,        NaN,        NaN
100101,     350.0,  436915.2,4196452.5, 2330.8, 35.6, 0, 0, 0, 0, 0, 0,        NaN,        NaN,        NaN,        NaN,        NaN, 2.4238e-09, 1.7884e-09, 1.3023e-09, 8.8776e-10, 5.7843e-10, 3.6795e-10, 2.4361e-10, 1.7371e-10, 1.0608e-10, 7.4724e-11, 4.6248e-11, 2.8917e-11, 1.5588e-11, 1.0595e-11,        NaN,        NaN,        NaN,        NaN,        NaN,        NaN,        NaN
100101,     351.0,  436945.1,4196464.0, 2330.1, 35.5, 0, 0, 0, 0, 0, 0,        NaN,        NaN,        NaN,        NaN,        NaN, 2.4298e-09, 1.8059e-09, 1.2674e-09, 8.7655e-10, 5.7122e-10, 3.6373e-10, 2.4495e-10, 1.7089e-10, 1.0531e-10, 7.3533e-11, 4.4378e-11, 2.9588e-11, 1.6908e-11, 1.1988e-11,        NaN,        NaN,        NaN,        NaN,        NaN,        NaN,        NaN
100101,     352.0,  436974.1,4196475.0, 2330.6, 34.5, 0, 0, 0, 0, 0, 0,        NaN,        NaN,        NaN,        NaN,        NaN, 2.4768e-09, 1.8396e-09, 1.3094e-09, 9.0581e-10, 5.8277e-10, 3.6519e-10, 2.5384e-10, 1.7673e-10, 1.0068e-10, 7.4096e-11, 4.4520e-11, 2.7579e-11, 1.7216e-11, 1.2468e-11,        NaN,        NaN,        NaN,        NaN,        NaN,        NaN,        NaN
100101,     353.0,  437003.8,4196487.0, 2331.1, 33.1, 0, 0, 0, 0, 0, 0,        NaN,        NaN,        NaN,        NaN,        NaN, 2.6342e-09, 1.9760e-09, 1.3711e-09, 9.6078e-10, 6.0099e-10, 3.9254e-10, 2.5879e-10, 1.7583e-10, 9.9914e-11, 7.2591e-11, 4.8131e-11, 2.9720e-11, 1.7533e-11, 1.2923e-11,        NaN,        NaN,        NaN,        NaN,        NaN,        NaN,        NaN
100101,     354.0,  437033.7,4196498.5, 2331.6, 31.9, 0, 0, 0, 0, 0, 0,        NaN,        NaN,        NaN,        NaN,        NaN, 2.8454e-09, 2.0705e-09, 1.4928e-09, 9.9815e-10, 6.2048e-10, 4.0874e-10, 2.6667e-10, 1.7460e-10, 1.0332e-10, 7.2101e-11, 4.6515e-11, 2.9987e-11, 1.8690e-11, 1.3347e-11,        NaN,        NaN,        NaN,        NaN,        NaN,        NaN,        NaN
100101,     355.0,  437063.5,4196510.5, 2331.9, 31.1, 0, 0, 0, 0, 0, 0,        NaN,        NaN,        NaN,        NaN,        NaN, 2.9932e-09, 2.1772e-09, 1.5341e-09, 1.0088e-09, 6.4523e-10, 4.2024e-10, 2.7300e-10, 1.7306e-10, 1.0963e-10, 7.4380e-11, 4.6059e-11, 2.6758e-11, 1.9741e-11, 1.3560e-11,        NaN,        NaN,        NaN,        NaN,        NaN,        NaN,        NaN
100101,     356.0,  437093.3,4196523.0, 2332.0, 31.0, 0, 0, 0, 0, 0, 0,        NaN,        NaN,        NaN,        NaN,        NaN, 2.9738e-09, 2.0365e-09, 1.5367e-09, 9.9952e-10, 6.5012e-10, 4.1886e-10, 2.7430e-10, 1.6876e-10, 1.1417e-10, 7.5536e-11, 4.6324e-11, 2.8641e-11, 2.0895e-11, 1.4750e-11,        NaN,        NaN,        NaN,        NaN,        NaN,        NaN,        NaN
100101,     357.0,  437123.1,4196535.5, 2332.1, 31.4, 0, 0, 0, 0, 0, 0,        NaN,        NaN,        NaN,        NaN,        NaN, 2.8388e-09, 1.9966e-09, 1.4915e-09, 9.6165e-10, 6.4105e-10, 4.1140e-10, 2.7446e-10, 1.7799e-10, 1.1635e-10, 7.3926e-11, 4.6400e-11, 2.7720e-11, 2.0060e-11, 1.3529e-11,        NaN,        NaN,        NaN,        NaN,        NaN,        NaN,        NaN
100101,     358.0,  437153.0,4196548.0, 2332.4, 32.1, 0, 0, 0, 0, 0, 0,        NaN,        NaN,        NaN,        NaN,        NaN, 2.7734e-09, 2.0004e-09, 1.4642e-09, 9.3344e-10, 6.3913e-10, 4.0351e-10, 2.6870e-10, 1.7617e-10, 1.1473e-10, 7.6422e-11, 4.6210e-11, 3.0477e-11, 2.0575e-11, 1.2923e-11,        NaN,        NaN,        NaN,        NaN,        NaN,        NaN,        NaN
100101,     359.0,  437182.5,4196560.0, 2332.8, 32.2, 0, 0, 0, 0, 0, 0,        NaN,        NaN,        NaN,        NaN,        NaN, 2.7157e-09, 2.0381e-09, 1.4485e-09, 9.2448e-10, 6.1476e-10, 4.0200e-10, 2.7076e-10, 1.7765e-10, 1.1275e-10, 7.4380e-11, 4.4951e-11, 2.9799e-11, 2.1402e-11, 1.2685e-11,        NaN,        NaN,        NaN,        NaN,        NaN,        NaN,        NaN
100101,     360.0,  437213.3,4196571.5, 2333.1, 31.8, 0, 0, 0, 0, 0, 0,        NaN,        NaN,        NaN,        NaN,        NaN, 2.7375e-09, 2.1291e-09, 1.4796e-09, 9.4047e-10, 6.0504e-10, 4.1140e-10, 2.7140e-10, 1.8597e-10, 1.1878e-10, 7.4896e-11, 4.5573e-11, 2.9826e-11, 2.0512e-11, 1.2454e-11,        NaN,        NaN,        NaN,        NaN,        NaN,        NaN,        NaN
100101,     361.0,  437245.1,4196582.5, 2333.3, 31.2, 0, 0, 0, 0, 0, 0,        NaN,        NaN,        NaN,        NaN,        NaN, 2.8611e-09, 2.2243e-09, 1.5282e-09, 1.0158e-09, 6.2752e-10, 4.1932e-10, 2.7876e-10, 1.8280e-10, 1.1869e-10, 7.4494e-11, 4.7095e-11, 3.2122e-11, 1.9900e-11, 1.2782e-11,        NaN,        NaN,        NaN,        NaN,        NaN,        NaN,        NaN
100101,     362.0,  437277.2,4196593.5, 2333.4, 31.0, 0, 0, 0, 0, 0, 0,        NaN,        NaN,        NaN,        NaN,        NaN, 2.9230e-09, 2.3268e-09, 1.5670e-09, 1.0549e-09, 6.8469e-10, 4.4190e-10, 2.9360e-10, 1.9063e-10, 1.2289e-10, 7.9315e-11, 4.6823e-11, 3.3271e-11, 2.0305e-11, 1.2038e-11,        NaN,        NaN,        NaN,        NaN,        NaN,        NaN,        NaN
100101,     363.0,  437309.3,4196604.0, 2333.8, 30.3, 0, 0, 0, 0, 0, 0,        NaN,        NaN,        NaN,        NaN,        NaN, 3.2561e-09, 2.4548e-09, 1.7154e-09, 1.1484e-09, 7.1277e-10, 4.5900e-10, 3.0010e-10, 1.9807e-10, 1.2705e-10, 8.2531e-11, 4.9501e-11, 3.2304e-11, 2.1004e-11, 1.1538e-11,        NaN,        NaN,        NaN,        NaN,        NaN,        NaN,        NaN
100101,     364.0,  437340.0,4196614.0, 2333.9, 30.2, 0, 0, 0, 0, 0, 0,        NaN,        NaN,        NaN,        NaN,        NaN, 3.2644e-09, 2.4723e-09, 1.7576e-09, 1.1871e-09, 7.1011e-10, 4.7468e-10, 3.0882e-10, 1.9739e-10, 1.3026e-10, 8.9654e-11, 5.1705e-11, 3.2487e-11, 2.2479e-11, 1.2361e-11,        NaN,        NaN,        NaN,        NaN,        NaN,        NaN,        NaN
100101,     365.0,  437370.4,4196623.5, 2334.0, 30.6, 0, 0, 0, 0, 0, 0,        NaN,        NaN,        NaN,        NaN,        NaN, 3.1996e-09, 2.4375e-09, 1.7210e-09, 1.1166e-09, 7.0184e-10, 4.7130e-10, 3.0470e-10, 1.8560e-10, 1.3046e-10, 8.7219e-11, 5.4524e-11, 3.1823e-11, 2.1675e-11, 1.1988e-11,        NaN,        NaN,        NaN,        NaN,        NaN,        NaN,        NaN
100101,     366.0,  437400.8,4196633.5, 2334.0, 31.3, 0, 0, 0, 0, 0, 0,        NaN,        NaN,        NaN,        NaN,        NaN, 3.0114e-09, 2.2876e-09, 1.6462e-09, 1.0712e-09, 6.7133e-10, 4.6142e-10, 2.9766e-10, 1.8316e-10, 1.3006e-10, 8.5752e-11, 5.3299e-11, 3.2304e-11, 2.4000e-11, 1.3779e-11,        NaN,        NaN,        NaN,        NaN,        NaN,        NaN,        NaN
100101,     367.0,  437430.5,4196644.0, 2334.3, 31.6, 0, 0, 0, 0, 0, 0,        NaN,        NaN,        NaN,        NaN,        NaN, 2.8211e-09, 2.1421e-09, 1.5474e-09, 1.0121e-09, 6.6789e-10, 4.4417e-10, 2.8716e-10, 1.8220e-10, 1.2545e-10, 8.5970e-11, 5.1705e-11, 3.5286e-11, 2.4358e-11, 1.4768e-11,        NaN,        NaN,        NaN,        NaN,        NaN,        NaN,        NaN
100101,     368.0,  437457.7,4196654.5, 2334.8, 31.5, 0, 0, 0, 0, 0, 0,        NaN,        NaN,        NaN,        NaN,        NaN, 2.7949e-09, 2.0894e-09, 1.5119e-09, 9.8050e-10, 6.5673e-10, 4.4291e-10, 2.7284e-10, 1.8173e-10, 1.2639e-10, 8.2193e-11, 4.9121e-11, 3.3561e-11, 2.4956e-11,        NaN,        NaN,        NaN,        NaN,        NaN,        NaN,        NaN,        NaN
100101,     369.0,  437485.1,4196665.5, 2335.4, 30.8, 0, 0, 0, 0, 0, 0,        NaN,        NaN,        NaN,        NaN,        NaN, 2.9079e-09, 2.2410e-09, 1.5138e-09, 9.9631e-10, 6.6481e-10, 4.4065e-10, 2.7610e-10, 1.8377e-10, 1.3350e-10, 8.3214e-11,        NaN,        NaN,        NaN,        NaN,        NaN,        NaN,        NaN,        NaN,        NaN,        NaN,        NaN
100101,     370.0,  437513.7,4196676.5, 2335.0, 29.9, 0, 0, 0, 0, 0, 0,        NaN,        NaN,        NaN,        NaN,        NaN, 3.0548e-09, 2.2373e-09, 1.5650e-09, 1.0206e-09, 6.8184e-10, 4.4468e-10, 2.8786e-10, 1.8316e-10, 1.3496e-10, 8.8195e-11,        NaN,        NaN,        NaN,        NaN,        NaN,        NaN,        NaN,        NaN,        NaN,        NaN,        NaN
100101,     371.0,  437542.9,4196686.5, 2333.8, 30.1, 0, 0, 0, 0, 0, 0,        NaN,        NaN,        NaN,        NaN,        NaN, 3.0511e-09, 2.2857e-09, 1.6126e-09, 1.0504e-09, 6.8469e-10, 4.5162e-10, 3.0335e-10, 1.7880e-10, 1.3506e-10, 8.6407e-11,        NaN,        NaN,        NaN,        NaN,        NaN,        NaN,        NaN,        NaN,        NaN,        NaN,        NaN
100101,     372.0,  437573.2,4196696.0, 2333.8, 31.0, 0, 0, 0, 0, 0, 0,        NaN,        NaN,        NaN,        NaN,        NaN, 3.0955e-09, 2.2944e-09, 1.6432e-09, 1.0671e-09, 6.9555e-10, 4.4468e-10, 3.1672e-10, 1.7696e-10, 1.3443e-10, 8.4046e-11,        NaN,        NaN,        NaN,        NaN,        NaN,        NaN,        NaN,        NaN,        NaN,        NaN,        NaN
100101,     373.0,  437601.1,4196703.0, 2334.3, 31.8, 0, 0, 0, 0, 0, 0,        NaN,        NaN,        NaN,        NaN,        NaN, 2.9667e-09, 2.2896e-09, 1.6351e-09, 1.0220e-09, 6.7972e-10, 4.3767e-10, 3.1405e-10, 1.7394e-10, 1.2677e-10, 8.4679e-11, 5.2680e-11, 3.1646e-11, 2.0060e-11, 1.3052e-11,        NaN,        NaN,        NaN,        NaN,        NaN,        NaN,        NaN
100101,     374.0,  437628.9,4196709.0, 2334.6, 31.9, 0, 0, 0, 0, 0, 0,        NaN,        NaN,        NaN,        NaN,        NaN, 2.9102e-09, 2.2051e-09, 1.5794e-09, 9.7078e-10, 6.4783e-10, 4.2703e-10, 2.9803e-10, 1.7617e-10, 1.2182e-10, 8.0147e-11, 5.4624e-11, 3.2518e-11, 1.9298e-11, 1.3606e-11,        NaN,        NaN,        NaN,        NaN,        NaN,        NaN,        NaN
100101,     375.0,  437656.5,4196713.0, 2334.7, 32.1, 0, 0, 0, 0, 0, 0,        NaN,        NaN,        NaN,        NaN,        NaN, 2.8101e-09, 2.0688e-09, 1.5113e-09, 9.4255e-10, 6.2907e-10, 4.1726e-10, 2.8524e-10, 1.7617e-10, 1.1895e-10, 7.7083e-11, 5.3299e-11, 3.2304e-11, 1.9605e-11, 1.2562e-11,        NaN,        NaN,        NaN,        NaN,        NaN,        NaN,        NaN
100101,     376.0,  437683.8,4196716.5, 2333.6, 33.4, 0, 0, 0, 0, 0, 0,        NaN,        NaN,        NaN,        NaN,        NaN, 2.7809e-09, 2.0526e-09, 1.4497e-09, 9.3550e-10, 6.2383e-10, 4.0351e-10, 2.7381e-10, 1.7926e-10, 1.2164e-10, 7.6781e-11, 5.3832e-11, 3.1764e-11, 2.1047e-11, 1.2001e-11,        NaN,        NaN,        NaN,        NaN,        NaN,        NaN,        NaN
100101,     377.0,  437711.1,4196719.5, 2333.2, 34.6, 0, 0, 0, 0, 0, 0,        NaN,        NaN,        NaN,        NaN,        NaN, 2.7291e-09, 2.0129e-09, 1.4254e-09, 9.5011e-10, 6.2383e-10, 4.0136e-10, 2.7317e-10, 1.8292e-10, 1.1886e-10, 7.9251e-11, 5.2774e-11, 3.3432e-11, 2.2214e-11, 1.1681e-11,        NaN,        NaN,        NaN,        NaN,        NaN,        NaN,        NaN
100101,     378.0,  437738.7,4196723.0, 2333.8, 34.4, 0, 0, 0, 0, 0, 0,        NaN,        NaN,        NaN,        NaN,        NaN, 2.6659e-09, 2.0969e-09, 1.4132e-09, 9.6903e-10, 6.4105e-10, 4.0502e-10, 2.7627e-10, 1.8547e-10, 1.2271e-10, 8.1324e-11, 5.1614e-11, 3.3207e-11, 2.3155e-11,        NaN,        NaN,        NaN,        NaN,        NaN,        NaN,        NaN,        NaN
100101,     379.0,  437766.5,4196727.5, 2334.7, 32.8, 0, 0, 0, 0, 0, 0,        NaN,        NaN,        NaN,        NaN,        NaN, 2.7511e-09, 2.1003e-09, 1.4449e-09, 9.9998e-10, 6.4459e-10, 4.1612e-10, 2.8128e-10, 1.8474e-10, 1.2407e-10, 8.3214e-11, 4.9121e-11, 3.3048e-11, 2.4442e-11,        NaN,        NaN,        NaN,        NaN,        NaN,        NaN,        NaN,        NaN
100101,     380.0,  437793.9,4196734.0, 2335.7, 32.1, 0, 0, 0, 0, 0, 0,        NaN,        NaN,        NaN,        NaN,        NaN, 2.7841e-09, 2.1674e-09, 1.5301e-09, 1.0065e-09, 6.8078e-10, 4.3205e-10, 2.9599e-10, 1.8683e-10, 1.2015e-10, 7.9697e-11, 5.0804e-11, 3.3496e-11, 2.5160e-11,        NaN,        NaN,        NaN,        NaN,        NaN,        NaN,        NaN,        NaN
100101,     381.0,  437820.4,4196743.0, 2335.9, 31.9, 0, 0, 0, 0, 0, 0,        NaN,        NaN,        NaN,        NaN,        NaN, 2.8566e-09, 2.2087e-09, 1.5976e-09, 1.0434e-09, 7.0295e-10, 4.3085e-10, 2.9803e-10, 1.9024e-10, 1.2137e-10, 8.0147e-11, 5.2869e-11, 3.4626e-11, 2.3703e-11, 1.4101e-11,        NaN,        NaN,        NaN,        NaN,        NaN,        NaN,        NaN
100101,     382.0,  437845.8,4196754.5, 2336.3, 31.3, 0, 0, 0, 0, 0, 0,        NaN,        NaN,        NaN,        NaN,        NaN, 2.9823e-09, 2.3328e-09, 1.6642e-09, 1.0779e-09, 7.1584e-10, 4.4216e-10, 3.0470e-10, 1.9821e-10, 1.2076e-10, 7.6482e-11, 5.4724e-11, 3.3855e-11, 2.3387e-11, 1.5470e-11,        NaN,        NaN,        NaN,        NaN,        NaN,        NaN,        NaN
100101,     383.0,  437870.1,4196767.5, 2336.6, 30.0, 0, 0, 0, 0, 0, 0,        NaN,        NaN,        NaN,        NaN,        NaN, 3.0788e-09, 2.4077e-09, 1.6864e-09, 1.1035e-09, 7.2439e-10, 4.5820e-10, 3.0862e-10, 1.9657e-10, 1.2471e-10, 7.2756e-11, 5.6904e-11, 3.5006e-11, 2.2676e-11, 1.5205e-11,        NaN,        NaN,        NaN,        NaN,        NaN,        NaN,        NaN
100101,     384.0,  437893.6,4196782.0, 2336.7, 29.4, 0, 0, 0, 0, 0, 0,        NaN,        NaN,        NaN,        NaN,        NaN, 3.1304e-09, 2.4439e-09, 1.6972e-09, 1.1403e-09, 7.3152e-10, 4.6577e-10, 3.1405e-10, 1.9821e-10, 1.2801e-10, 7.6842e-11, 5.6904e-11, 3.4422e-11, 2.2095e-11, 1.3575e-11,        NaN,        NaN,        NaN,        NaN,        NaN,        NaN,        NaN
100101,     385.0,  437916.8,4196796.5, 2336.4, 29.6, 0, 0, 0, 0, 0, 0,        NaN,        NaN,        NaN,        NaN,        NaN, 3.1449e-09, 2.3672e-09, 1.6926e-09, 1.1432e-09, 7.1316e-10, 4.6825e-10, 3.1507e-10, 1.9456e-10, 1.2763e-10, 7.6243e-11, 5.7499e-11, 3.4254e-11, 2.1223e-11, 1.3213e-11,        NaN,        NaN,        NaN,        NaN,        NaN,        NaN,        NaN
100101,     386.0,  437939.5,4196810.5, 2336.2, 30.1, 0, 0, 0, 0, 0, 0,        NaN,        NaN,        NaN,        NaN,        NaN, 3.1409e-09, 2.3439e-09, 1.6469e-09, 1.1013e-09, 7.0633e-10, 4.7186e-10, 2.9916e-10, 1.9350e-10, 1.3278e-10, 7.6482e-11, 5.8607e-11, 3.5641e-11,        NaN,        NaN,        NaN,        NaN,        NaN,        NaN,        NaN,        NaN,        NaN
100101,     387.0,  437963.2,4196824.0, 2336.4, 30.7, 0, 0, 0, 0, 0, 0,        NaN,        NaN,        NaN,        NaN,        NaN, 3.0801e-09, 2.2514e-09, 1.6019e-09, 1.0650e-09, 6.6244e-10, 4.5767e-10, 2.9507e-10, 1.9205e-10, 1.3360e-10, 7.6184e-11, 5.8215e-11, 3.8510e-11,        NaN,        NaN,        NaN,        NaN,        NaN,        NaN,        NaN,        NaN,        NaN
100101,     388.0,  437989.0,4196838.0, 2336.9, 30.8, 0, 0, 0, 0, 0, 0,        NaN,        NaN,        NaN,        NaN,        NaN, 2.9871e-09, 2.2429e-09, 1.5414e-09, 1.0370e-09, 6.5807e-10, 4.5266e-10, 2.8839e-10, 1.9482e-10, 1.2957e-10, 7.9633e-11, 5.7773e-11, 3.7318e-11,        NaN,        NaN,        NaN,        NaN,        NaN,        NaN,        NaN,        NaN,        NaN
100101,     389.0,  438013.4,4196850.5, 2337.0, 30.5, 0, 0, 0, 0, 0, 0,        NaN,        NaN,        NaN,        NaN,        NaN, 2.9218e-09, 2.2336e-09, 1.5602e-09, 1.0404e-09, 6.5640e-10, 4.6223e-10, 2.8698e-10, 1.9258e-10, 1.3496e-10, 8.1126e-11, 5.7444e-11, 3.8922e-11,        NaN,        NaN,        NaN,        NaN,        NaN,        NaN,        NaN,        NaN,        NaN
100101,     390.0,  438038.6,4196863.0, 2337.0, 29.9, 0, 0, 0, 0, 0, 0,        NaN,        NaN,        NaN,        NaN,        NaN, 2.9714e-09, 2.2523e-09, 1.6054e-09, 1.0743e-09, 6.7272e-10, 4.6742e-10, 2.9324e-10, 1.9496e-10, 1.3785e-10, 8.3145e-11, 5.7390e-11, 4.1692e-11,        NaN,        NaN,        NaN,        NaN,        NaN,        NaN,        NaN,        NaN,        NaN
100101,     391.0,  438065.7,4196875.5, 2337.1, 29.0, 0, 0, 0, 0, 0, 0,        NaN,        NaN,        NaN,        NaN,        NaN, 3.1475e-09, 2.3130e-09, 1.6802e-09, 1.1278e-09, 7.1855e-10, 4.7752e-10, 3.0548e-10, 1.9862e-10, 1.3851e-10, 8.3836e-11, 5.5589e-11, 4.2020e-11, 2.3129e-11,        NaN,        NaN,        NaN,        NaN,        NaN,        NaN,        NaN,        NaN
100101,     392.0,  438094.0,4196888.0, 2337.3, 28.2, 0, 0, 0, 0, 0, 0,        NaN,        NaN,        NaN,        NaN,        NaN, 3.2408e-09, 2.4418e-09, 1.7510e-09, 1.1577e-09, 7.4202e-10, 4.9823e-10, 3.1303e-10, 2.0297e-10, 1.4107e-10, 8.9266e-11, 5.4176e-11, 4.1646e-11, 2.4754e-11,        NaN,        NaN,        NaN,        NaN,        NaN,        NaN,        NaN,        NaN
100101,     393.0,  438123.5,4196901.0, 2337.7, 27.5, 0, 0, 0, 0, 0, 0,        NaN,        NaN,        NaN,        NaN,        NaN, 3.3199e-09, 2.5387e-09, 1.7862e-09, 1.1933e-09, 7.5026e-10, 5.0474e-10, 3.2867e-10, 2.0369e-10, 1.4233e-10, 9.2124e-11, 5.4275e-11, 4.3129e-11, 2.6070e-11,        NaN,        NaN,        NaN,        NaN,        NaN,        NaN,        NaN,        NaN
100101,     394.0,  438152.3,4196912.5, 2338.0, 27.3, 0, 0, 0, 0, 0, 0,        NaN,        NaN,        NaN,        NaN,        NaN, 3.2785e-09, 2.5364e-09, 1.8190e-09, 1.1829e-09, 7.5151e-10, 5.1428e-10, 3.2955e-10, 2.0383e-10, 1.3995e-10, 8.9112e-11, 5.4325e-11, 4.2787e-11, 2.7169e-11,        NaN,        NaN,        NaN,        NaN,        NaN,        NaN,        NaN,        NaN
100101,     395.0,  438179.5,4196922.5, 2338.0, 27.7, 0, 0, 0, 0, 0, 0,        NaN,        NaN,        NaN,        NaN,        NaN, 3.2630e-09, 2.4900e-09, 1.7543e-09, 1.1672e-09, 7.4324e-10, 4.9854e-10, 3.1776e-10, 2.0183e-10, 1.3796e-10, 8.9654e-11, 5.3155e-11, 4.1277e-11, 2.8565e-11,        NaN,        NaN,        NaN,        NaN,        NaN,        NaN,        NaN,        NaN
100101,     396.0,  438207.7,4196932.0, 2338.1, 28.6, 0, 0, 0, 0, 0, 0,        NaN,        NaN,        NaN,        NaN,        NaN, 3.0993e-09, 2.4386e-09, 1.7114e-09, 1.1013e-09, 7.2361e-10, 4.7809e-10, 3.1364e-10, 1.9482e-10, 1.3371e-10, 9.1074e-11, 5.2539e-11, 4.0114e-11,        NaN,        NaN,        NaN,        NaN,        NaN,        NaN,        NaN,        NaN,        NaN
100101,     397.0,  438235.6,4196940.5, 2338.4, 29.5, 0, 0, 0, 0, 0, 0,        NaN,        NaN,        NaN,        NaN,        NaN, 2.9631e-09, 2.3878e-09, 1.6794e-09, 1.0727e-09, 7.1623e-10, 4.7019e-10, 2.9935e-10, 1.8671e-10, 1.2986e-10, 8.5752e-11, 5.0627e-11, 3.8592e-11, 2.7439e-11,        NaN,        NaN,        NaN,        NaN,        NaN,        NaN,        NaN,        NaN
100101,     398.0,  438263.9,4196948.5, 2338.7, 30.0, 0, 0, 0, 0, 0, 0,        NaN,        NaN,        NaN,        NaN,        NaN, 2.8544e-09, 2.2675e-09, 1.6083e-09, 1.0107e-09, 6.7901e-10, 4.3619e-10, 2.8964e-10, 1.8425e-10, 1.2801e-10, 8.1590e-11, 4.9290e-11, 3.7946e-11, 2.5822e-11,        NaN,        NaN,        NaN,        NaN,        NaN,        NaN,        NaN,        NaN
100101,     399.0,  438292.5,4196956.5, 2339.0, 30.2, 0, 0, 0, 0, 0, 0,        NaN,        NaN,        NaN,        NaN,        NaN, 2.8365e-09, 2.1569e-09, 1.5636e-09, 9.8633e-10, 6.6278e-10, 4.2845e-10, 2.8541e-10, 1.8125e-10, 1.2352e-10, 8.2058e-11, 4.7609e-11, 3.6076e-11, 2.3810e-11, 1.6003e-11,        NaN,        NaN,        NaN,        NaN,        NaN,        NaN,        NaN
100101,     400.0,  438321.1,4196964.0, 2339.0, 29.6, 0, 0, 0, 0, 0, 0,        NaN,        NaN,        NaN,        NaN,        NaN, 2.9195e-09, 2.1906e-09, 1.5725e-09, 1.0230e-09, 6.6008e-10, 4.1817e-10, 2.8385e-10, 1.9102e-10, 1.2289e-10, 7.8810e-11, 4.6707e-11, 3.4867e-11, 2.3757e-11, 1.5586e-11,        NaN,        NaN,        NaN,        NaN,        NaN,        NaN,        NaN
100101,     401.0,  438349.2,4196972.5, 2339.1, 28.7, 0, 0, 0, 0, 0, 0,        NaN,        NaN,        NaN,        NaN,        NaN, 3.0163e-09, 2.3091e-09, 1.6220e-09, 1.0858e-09, 6.7725e-10, 4.3570e-10, 2.8698e-10, 1.8948e-10, 1.2076e-10, 8.0083e-11, 4.9121e-11, 3.4971e-11, 2.2431e-11, 1.6229e-11,        NaN,        NaN,        NaN,        NaN,        NaN,        NaN,        NaN
100101,     402.0,  438375.7,4196981.0, 2339.6, 28.0, 0, 0, 0, 0, 0, 0,        NaN,        NaN,        NaN,        NaN,        NaN, 3.1754e-09, 2.4045e-09, 1.6664e-09, 1.1295e-09, 6.9665e-10, 4.4877e-10, 2.9306e-10, 1.9166e-10, 1.2173e-10, 8.3767e-11, 4.9843e-11, 3.5570e-11, 2.2431e-11, 1.6229e-11,        NaN,        NaN,        NaN,        NaN,        NaN,        NaN,        NaN
100101,     403.0,  438402.0,4196989.5, 2339.9, 27.4, 0, 0, 0, 0, 0, 0,        NaN,        NaN,        NaN,        NaN,        NaN, 3.3636e-09, 2.4679e-09, 1.7242e-09, 1.1335e-09, 7.1125e-10, 4.6115e-10, 2.9803e-10, 1.9376e-10, 1.1963e-10, 8.5034e-11, 4.9757e-11, 3.4287e-11, 2.3837e-11, 1.6375e-11,        NaN,        NaN,        NaN,        NaN,        NaN,        NaN,        NaN
100101,     404.0,  438428.5,4196998.0, 2340.0, 27.2, 0, 0, 0, 0, 0, 0,        NaN,        NaN,        NaN,        NaN,        NaN, 3.3725e-09, 2.4353e-09, 1.7379e-09, 1.1357e-09, 7.1855e-10, 4.5344e-10, 3.0724e-10, 1.9297e-10, 1.2173e-10, 8.5177e-11, 5.0716e-11, 3.4558e-11,        NaN,        NaN,        NaN,        NaN,        NaN,        NaN,        NaN,        NaN,        NaN
100101,     409.0,  438712.6,4197116.5, 2340.3, 27.6, 0, 0, 0, 0, 0, 0,        NaN,        NaN,        NaN,        NaN,        NaN, 3.2256e-09, 2.4493e-09, 1.8172e-09, 1.1548e-09, 7.0821e-10, 4.2047e-10, 3.0528e-10, 1.9563e-10, 1.3741e-10, 9.1799e-11, 5.4624e-11, 3.4287e-11,        NaN,        NaN,        NaN,        NaN,        NaN,        NaN,        NaN,        NaN,        NaN
100101,     410.0,  438738.8,4197126.0, 2340.9, 29.1, 0, 0, 0, 0, 0, 0,        NaN,        NaN,        NaN,        NaN,        NaN, 3.1687e-09, 2.4268e-09, 1.7338e-09, 1.1346e-09, 6.8433e-10, 4.2303e-10, 2.9878e-10, 1.9890e-10, 1.4107e-10, 8.4963e-11, 5.6478e-11, 3.5858e-11, 2.6481e-11,        NaN,        NaN,        NaN,        NaN,        NaN,        NaN,        NaN,        NaN
100101,     411.0,  438766.0,4197135.0, 2340.8, 30.1, 0, 0, 0, 0, 0, 0,        NaN,        NaN,        NaN,        NaN,        NaN, 2.9774e-09, 2.2684e-09, 1.6702e-09, 1.0579e-09, 6.6961e-10, 4.2726e-10, 2.8910e-10, 1.9536e-10, 1.3655e-10, 8.7517e-11, 5.6797e-11, 3.5858e-11, 2.6481e-11,        NaN,        NaN,        NaN,        NaN,        NaN,        NaN,        NaN,        NaN
100101,     412.0,  438794.2,4197143.5, 2340.6, 31.0, 0, 0, 0, 0, 0, 0,        NaN,        NaN,        NaN,        NaN,        NaN, 2.9441e-09, 2.2124e-09, 1.6271e-09, 1.0594e-09, 6.6961e-10, 4.2279e-10, 2.7660e-10, 1.9128e-10, 1.4085e-10, 8.4256e-11, 5.7499e-11, 3.6149e-11, 2.6481e-11,        NaN,        NaN,        NaN,        NaN,        NaN,        NaN,        NaN,        NaN
